0 0 0.021201968 0.05966049
24 0 0.024637774 0.0619374
48 0 0.028409425 0.064167745
72 0 0.03253475 0.0663191
96 0 0.037028875 0.06835394
120 0 0.041903086 0.07022897
144 0 0.04716346 0.07189556
168 0 0.052809533 0.0732996
192 0 0.058832593 0.07438215
216 0 0.0652142 0.075080104
240 0 0.07192454 0.07532776
264 0 0.07892076 0.07505811
288 0 0.08614626 0.074205354
312 0 0.09352937 0.07270747
336 0 0.1009837 0.07050925
360 0 0.10840833 0.067565456
384 0 0.115689635 0.06384457
408 0 0.12270338 0.05933177
432 0 0.12931825 0.054031983
456 0 0.13540013 0.04797209
480 0 0.14081709 0.041202232
504 0 0.1454446 0.03379601
528 0 0.14917128 0.02584927
552 0 0.15190406 0.017477803
576 0 0.15357286 0.008813575
600 0 0.15413405 1.7462298E-10
624 0 0.15357292 -0.008813571
648 0 0.15190406 -0.017477795
672 0 0.14917125 -0.025849279
696 0 0.1454446 -0.033796027
720 0 0.14081708 -0.04120226
744 0 0.13540016 -0.0479721
768 0 0.12931821 -0.054031964
792 0 0.122703314 -0.05933176
816 0 0.11568961 -0.06384458
840 0 0.10840835 -0.067565456
864 0 0.1009837 -0.070509225
888 0 0.093529396 -0.07270748
912 0 0.08614626 -0.07420537
936 0 0.0789208 -0.07505811
960 0 0.07192453 -0.075327754
984 0 0.06521423 -0.07508013
1008 0 0.05883262 -0.074382104
1032 0 0.052809536 -0.0732996
1056 0 0.047163468 -0.07189555
1080 0 0.041903075 -0.07022896
1104 0 0.037028886 -0.06835393
1128 0 0.03253475 -0.066319145
1152 0 0.028409423 -0.06416772
1176 0 0.024637781 -0.06193739
0 24 0.019598609 0.062144764
24 24 0.023126077 0.06473142
48 24 0.02702553 0.06729358
72 24 0.03132066 0.06979728
96 24 0.03603279 0.07220236
120 24 0.041179545 0.074461654
144 24 0.04677331 0.076521344
168 24 0.052819572 0.07832041
192 24 0.059314802 0.0797913
216 24 0.066244625 0.08086055
240 24 0.07358135 0.08145017
264 24 0.08128228 0.081479475
288 24 0.08928777 0.08086768
312 24 0.09752 0.07953694
336 24 0.10588237 0.07741614
360 24 0.114259735 0.074445084
384 24 0.122520156 0.07057897
408 24 0.1305172 0.06579262
432 24 0.13809426 0.06008454
456 24 0.1450895 0.053480003
480 24 0.15134244 0.04603312
504 24 0.15670033 0.037827376
528 24 0.16102585 0.028974436
552 24 0.16420375 0.019611284
576 24 0.16614683 0.0098956665
600 24 0.16680063 -2.6193447E-10
624 24 0.16614679 -0.009895663
648 24 0.16420378 -0.01961129
672 24 0.16102584 -0.028974423
696 24 0.15670031 -0.037827365
720 24 0.15134238 -0.046033125
744 24 0.14508949 -0.05348001
768 24 0.13809425 -0.060084544
792 24 0.13051718 -0.06579261
816 24 0.12252016 -0.07057898
840 24 0.11425978 -0.07444508
864 24 0.10588235 -0.0774161
888 24 0.09752002 -0.07953689
912 24 0.08928778 -0.0808677
936 24 0.08128229 -0.08147947
960 24 0.07358134 -0.08145015
984 24 0.06624462 -0.080860525
1008 24 0.059314825 -0.07979129
1032 24 0.052819572 -0.07832041
1056 24 0.04677331 -0.07652137
1080 24 0.041179545 -0.074461654
1104 24 0.036032792 -0.07220235
1128 24 0.031320654 -0.0697973
1152 24 0.027025523 -0.06729356
1176 24 0.023126077 -0.0647314
0 48 0.01771926 0.064624526
24 48 0.021319313 0.067548916
48 48 0.02532935 0.07047675
72 48 0.029779965 0.073373005
96 48 0.034699984 0.07619526
120 48 0.040114917 0.07889287
144 48 0.04604527 0.08140666
168 48 0.052504335 0.083668455
192 48 0.059496 0.08560133
216 48 0.06701184 0.08712011
240 48 0.075028606 0.08813281
264 48 0.083505265 0.08854249
288 48 0.09238048 0.08825006
312 48 0.10157067 0.087158255
336 48 0.11096864 0.085175805
360 48 0.1204435 0.08222304
384 48 0.12984204 0.07823754
408 48 0.13899148 0.07317973
432 48 0.14770438 0.06703842
456 48 0.1557848 0.059835196
480 48 0.16303638 0.051627647
504 48 0.16927083 0.0425102
528 48 0.17431773 0.03261327
552 48 0.17803314 0.022099717
576 48 0.18030804 0.011159101
600 48 0.18107417 2.910383E-11
624 48 0.18030806 -0.011159105
648 48 0.17803317 -0.022099724
672 48 0.17431772 -0.03261326
696 48 0.1692708 -0.042510208
720 48 0.16303632 -0.051627617
744 48 0.15578488 -0.0598352
768 48 0.14770441 -0.067038395
792 48 0.13899146 -0.073179744
816 48 0.12984203 -0.07823757
840 48 0.120443515 -0.08222308
864 48 0.110968634 -0.085175805
888 48 0.10157066 -0.08715825
912 48 0.092380464 -0.08825007
936 48 0.08350525 -0.088542484
960 48 0.07502862 -0.08813283
984 48 0.06701185 -0.08712008
1008 48 0.059495978 -0.08560132
1032 48 0.052504342 -0.08366847
1056 48 0.04604526 -0.08140667
1080 48 0.040114917 -0.07889287
1104 48 0.034699976 -0.07619525
1128 48 0.029779961 -0.073373005
1152 48 0.02532934 -0.070476755
1176 48 0.021319317 -0.0675489
0 72 0.015538444 0.06707149
24 72 0.019186603 0.070361845
48 72 0.02328397 0.07369027
72 72 0.027869303 0.0770214
96 72 0.032980345 0.08031134
120 72 0.038652327 0.083506435
144 72 0.044915937 0.08654249
168 72 0.05179478 0.08934405
192 72 0.05930266 0.09182418
216 72 0.06744011 0.09388489
240 72 0.07619088 0.09541812
264 72 0.08551817 0.09630783
288 72 0.09536103 0.096432954
312 72 0.105631195 0.095672034
336 72 0.11621096 0.09390863
360 72 0.1269522 0.091037706
384 72 0.13767724 0.08697325
408 72 0.14818218 0.08165584
432 72 0.15824172 0.075060174
456 72 0.16761795 0.06720098
480 72 0.1760691 0.058138072
504 72 0.1833619 0.047977965
528 72 0.18928312 0.036873255
552 72 0.1936522 0.025018439
576 72 0.19633135 0.012642681
600 72 0.19723415 -3.783498E-10
624 72 0.19633138 -0.012642681
648 72 0.19365223 -0.025018435
672 72 0.18928315 -0.03687326
696 72 0.18336181 -0.04797796
720 72 0.17606907 -0.058138095
744 72 0.16761792 -0.067201
768 72 0.15824178 -0.07506021
792 72 0.14818212 -0.081655875
816 72 0.13767725 -0.086973235
840 72 0.12695222 -0.09103768
864 72 0.11621099 -0.093908645
888 72 0.1056312 -0.09567206
912 72 0.09536103 -0.09643294
936 72 0.08551816 -0.09630779
960 72 0.07619087 -0.09541816
984 72 0.0674401 -0.09388491
1008 72 0.059302658 -0.09182416
1032 72 0.051794782 -0.08934403
1056 72 0.044915922 -0.0865425
1080 72 0.038652338 -0.08350646
1104 72 0.032980356 -0.08031136
1128 72 0.027869303 -0.07702141
1152 72 0.023283977 -0.07369029
1176 72 0.019186601 -0.07036187
0 96 0.013030925 0.06945164
24 96 0.016696434 0.07313553
48 96 0.020850884 0.0768996
72 96 0.025542375 0.08070938
96 96 0.030819276 0.084520504
120 96 0.036728512 0.08827718
144 96 0.04331342 0.0919109
168 96 0.050610933 0.09533912
192 96 0.05864805 0.098464794
216 96 0.067437865 0.10117583
240 96 0.07697496 0.10334617
264 96 0.087230295 0.10483752
288 96 0.09814635 0.105502635
312 96 0.1096324 0.10519033
336 96 0.12156091 0.103752084
360 96 0.13376538 0.10105028
384 96 0.1460406 0.096967496
408 96 0.1581454 0.0914171
432 96 0.16980897 0.084352896
456 96 0.1807404 0.07577846
480 96 0.19064102 0.06575345
504 96 0.19921957 0.054397408
528 96 0.20620786 0.041889228
552 96 0.21137717 0.028462265
576 96 0.2145522 0.014395378
600 96 0.21562305 -2.3283064E-10
624 96 0.2145522 -0.014395373
648 96 0.21137713 -0.028462276
672 96 0.20620784 -0.041889224
696 96 0.19921948 -0.05439741
720 96 0.19064099 -0.06575344
744 96 0.18074036 -0.07577846
768 96 0.16980901 -0.084352896
792 96 0.15814543 -0.09141712
816 96 0.14604063 -0.096967496
840 96 0.13376541 -0.10105029
864 96 0.12156087 -0.10375207
888 96 0.109632365 -0.105190344
912 96 0.0981463 -0.10550265
936 96 0.087230265 -0.104837485
960 96 0.07697496 -0.103346184
984 96 0.06743789 -0.10117581
1008 96 0.058648027 -0.09846477
1032 96 0.05061091 -0.09533912
1056 96 0.043313414 -0.09191088
1080 96 0.03672851 -0.0882772
1104 96 0.030819263 -0.084520526
1128 96 0.02554238 -0.08070937
1152 96 0.020850888 -0.076899596
1176 96 0.016696434 -0.07313554
0 120 0.01017251 0.07172445
24 120 0.013817571 0.075827576
48 120 0.017990705 0.08006152
72 120 0.022750633 0.084394075
96 120 0.028158026 0.08878195
120 120 0.03427385 0.0931686
144 120 0.04115692 0.09748227
168 120 0.04886095 0.10163436
192 120 0.05743035 0.1055176
216 120 0.06689539 0.1090054
240 120 0.077266335 0.11195167
264 120 0.08852705 0.114192724
288 120 0.10062807 0.115550116
312 120 0.1134797 0.11583633
336 120 0.12694676 0.114862554
360 120 0.14084388 0.11244884
384 120 0.15493499 0.10843621
408 120 0.16893503 0.10270038
432 120 0.18251772 0.09516542
456 120 0.19532607 0.085816555
480 120 0.20698886 0.07470986
504 120 0.21713996 0.061978236
528 120 0.22543973 0.047831632
552 120 0.2315958 0.032551553
576 120 0.2353841 0.016479444
600 120 0.23666297 3.1432137E-9
624 120 0.23538409 -0.016479447
648 120 0.23159589 -0.032551553
672 120 0.22543971 -0.047831647
696 120 0.21714 -0.061978236
720 120 0.20698889 -0.07470986
744 120 0.19532605 -0.08581656
768 120 0.1825177 -0.09516545
792 120 0.16893512 -0.10270039
816 120 0.15493496 -0.1084362
840 120 0.14084394 -0.11244882
864 120 0.12694676 -0.11486258
888 120 0.11347974 -0.11583631
912 120 0.10062805 -0.115550116
936 120 0.08852707 -0.11419273
960 120 0.077266335 -0.11195169
984 120 0.06689538 -0.10900538
1008 120 0.057430353 -0.105517596
1032 120 0.048860963 -0.10163435
1056 120 0.04115693 -0.09748224
1080 120 0.034273833 -0.093168564
1104 120 0.028158026 -0.08878198
1128 120 0.02275063 -0.08439412
1152 120 0.0179907 -0.080061525
1176 120 0.013817571 -0.075827606
0 144 0.0069411234 0.0738423
24 144 0.010520161 0.07838729
48 144 0.014664376 0.08312301
72 144 0.019444322 0.08802142
96 144 0.024934758 0.09304217
120 144 0.031213041 0.09813003
144 144 0.03835682 0.1032121
168 144 0.04644056 0.108195126
192 144 0.05553112 0.11296267
216 144 0.065681785 0.11737336
240 144 0.07692524 0.12125999
264 144 0.08926496 0.124430016
288 144 0.10266617 0.12666845
312 144 0.117046274 0.12774375
336 144 0.1322659 0.1274165
360 144 0.14812206 0.12545209
384 144 0.16434485 0.12163623
408 144 0.18059829 0.11579302
432 144 0.196488 0.10780384
456 144 0.21157436 0.097625375
480 144 0.2253934 0.08530423
504 144 0.23748162 0.07098611
528 144 0.24740493 0.05491767
552 144 0.25478783 0.03744018
576 144 0.25934023 0.018974667
600 144 0.2608786 1.0477379E-9
624 144 0.25934023 -0.018974688
648 144 0.2547879 -0.037440185
672 144 0.24740496 -0.05491766
696 144 0.23748156 -0.07098608
720 144 0.22539335 -0.08530423
744 144 0.21157439 -0.097625375
768 144 0.196488 -0.10780386
792 144 0.18059832 -0.11579302
816 144 0.16434485 -0.12163623
840 144 0.14812204 -0.12545207
864 144 0.13226585 -0.12741649
888 144 0.11704626 -0.12774372
912 144 0.10266618 -0.12666848
936 144 0.08926496 -0.12442998
960 144 0.07692523 -0.12126001
984 144 0.06568179 -0.117373385
1008 144 0.055531137 -0.112962656
1032 144 0.04644058 -0.1081951
1056 144 0.03835682 -0.103212126
1080 144 0.031213049 -0.09813002
1104 144 0.024934758 -0.093042165
1128 144 0.019444324 -0.08802142
1152 144 0.014664375 -0.083123
1176 144 0.010520163 -0.07838729
0 168 0.0033181554 0.075749956
24 168 0.0067772227 0.08075462
48 168 0.010834711 0.08601978
72 168 0.015574069 0.09152388
96 168 0.021085821 0.097232245
120 168 0.027466265 0.10309382
144 168 0.03481528 0.109037235
168 168 0.043232806 0.11496718
192 168 0.052814078 0.12076018
216 168 0.06364271 0.12626117
240 168 0.07578218 0.13128115
264 168 0.0892651 0.13559595
288 168 0.104080826 0.13894857
312 168 0.1201625 0.14105433
336 168 0.13737369 0.14161089
360 168 0.155497 0.14031312
384 168 0.17422694 0.1368732
408 168 0.1931688 0.13104428
432 168 0.21184541 0.12264669
456 168 0.22971322 0.11159363
480 168 0.24618857 0.09791265
504 168 0.2606807 0.081760265
528 168 0.27263048 0.063426286
552 168 0.28155094 0.04332658
576 168 0.2870635 0.021984208
600 168 0.28892854 -2.0372681E-9
624 168 0.28706363 -0.021984199
648 168 0.2815509 -0.043326575
672 168 0.27263048 -0.06342629
696 168 0.26068065 -0.08176027
720 168 0.24618864 -0.09791265
744 168 0.2297132 -0.11159364
768 168 0.21184535 -0.12264676
792 168 0.19316882 -0.1310443
816 168 0.17422694 -0.1368732
840 168 0.15549697 -0.14031313
864 168 0.13737369 -0.14161088
888 168 0.120162524 -0.14105433
912 168 0.104080826 -0.13894859
936 168 0.08926504 -0.13559599
960 168 0.075782165 -0.13128114
984 168 0.06364272 -0.12626119
1008 168 0.052814092 -0.12076014
1032 168 0.043232817 -0.11496716
1056 168 0.034815263 -0.10903722
1080 168 0.027466277 -0.103093825
1104 168 0.021085829 -0.09723226
1128 168 0.015574072 -0.0915239
1152 168 0.010834708 -0.08601978
1176 168 0.0067772213 -0.0807546
0 192 -7.098926E-4 0.077384494
24 192 0.002566485 0.08285974
48 192 0.006468427 0.08867542
72 192 0.011093031 0.09481936
96 192 0.016548041 0.10126591
120 192 0.022951031 0.107971705
144 192 0.030427732 0.114871174
168 192 0.03910875 0.12187086
192 192 0.04912448 0.12884389
216 192 0.060597733 0.13562419
240 192 0.07363354 0.14200181
264 192 0.088306025 0.14771944
288 192 0.104642384 0.15247256
312 192 0.122604415 0.15591353
336 192 0.14206977 0.15766226
360 192 0.16281386 0.15732321
384 192 0.18449663 0.15451038
408 192 0.20665663 0.14887972
432 192 0.22871652 0.1401643
456 192 0.25000185 0.12821151
480 192 0.26977333 0.11301502
504 192 0.2872723 0.094737396
528 192 0.3017725 0.07371876
552 192 0.31263673 0.050468884
576 192 0.31936696 0.0256425
600 192 0.3216465 -3.8417056E-9
624 192 0.31936696 -0.0256425
648 192 0.3126368 -0.05046891
672 192 0.30177256 -0.07371879
696 192 0.28727236 -0.0947374
720 192 0.2697734 -0.11301498
744 192 0.25000185 -0.12821153
768 192 0.22871651 -0.14016436
792 192 0.20665663 -0.14887972
816 192 0.18449664 -0.15451042
840 192 0.16281389 -0.15732314
864 192 0.14206982 -0.15766227
888 192 0.122604385 -0.15591356
912 192 0.10464238 -0.15247259
936 192 0.088306025 -0.14771941
960 192 0.073633544 -0.14200184
984 192 0.060597725 -0.13562416
1008 192 0.04912446 -0.12884387
1032 192 0.03910873 -0.121870875
1056 192 0.030427733 -0.11487121
1080 192 0.02295103 -0.10797172
1104 192 0.016548032 -0.10126588
1128 192 0.0110930335 -0.094819345
1152 192 0.006468427 -0.08867539
1176 192 0.0025664843 -0.082859725
0 216 -0.0051494855 0.078675315
24 216 -0.0021273273 0.08462272
48 216 0.0015387681 0.09100051
72 216 0.005959785 0.097809315
96 216 0.011261634 0.10503649
120 216 0.017585266 0.11265138
144 216 0.025085652 0.12059931
168 216 0.033929333 0.12879473
192 216 0.044289637 0.1371129
216 216 0.056338895 0.14538199
240 216 0.07023723 0.15337436
264 216 0.08611642 0.16080005
288 216 0.10405979 0.16730292
312 216 0.12407749 0.17246239
336 216 0.14607899 0.17580295
360 216 0.16984591 0.17681353
384 216 0.1950085 0.17497844
408 216 0.2210328 0.16981912
432 216 0.24722095 0.160944
456 216 0.27273262 0.14810169
480 216 0.29662582 0.13122858
504 216 0.3179175 0.11048422
528 216 0.33565652 0.08626706
552 216 0.34900036 0.059205633
576 216 0.35728863 0.030126316
600 216 0.3600996 9.313226E-10
624 216 0.35728866 -0.030126333
648 216 0.34900045 -0.059205644
672 216 0.33565643 -0.08626706
696 216 0.31791764 -0.11048423
720 216 0.29662582 -0.13122858
744 216 0.27273262 -0.1481017
768 216 0.24722095 -0.160944
792 216 0.22103277 -0.16981909
816 216 0.19500855 -0.17497846
840 216 0.16984591 -0.17681353
864 216 0.14607897 -0.1758029
888 216 0.1240775 -0.17246239
912 216 0.10405979 -0.16730295
936 216 0.08611637 -0.16080007
960 216 0.07023722 -0.15337439
984 216 0.056338906 -0.145382
1008 216 0.044289637 -0.13711287
1032 216 0.033929337 -0.12879469
1056 216 0.025085649 -0.120599315
1080 216 0.01758526 -0.11265138
1104 216 0.011261634 -0.105036475
1128 216 0.0059597827 -0.097809315
1152 216 0.001538768 -0.09100055
1176 216 -0.0021273254 -0.084622696
0 240 -0.009997865 0.0795446
24 240 -0.0073098005 0.08595374
48 240 -0.003971313 0.092892475
72 240 1.4201656E-4 0.100377895
96 240 0.00517451 0.10841543
120 240 0.011291715 0.11699283
144 240 0.018680785 0.12607358
168 240 0.027549302 0.13558774
192 240 0.038121488 0.14542174
216 240 0.050631113 0.15540595
240 240 0.06530932 0.16530249
264 240 0.0823666 0.17479253
288 240 0.10196736 0.1834672
312 240 0.12419777 0.19082384
336 240 0.1490269 0.19627243
360 240 0.17626572 0.19915552
384 240 0.20552847 0.19878514
408 240 0.23620577 0.19449762
432 240 0.2674572 0.18572268
456 240 0.298232 0.17206039
480 240 0.32732114 0.15335365
504 240 0.35344 0.12974297
528 240 0.37533 0.10169318
552 240 0.391868 0.069984764
576 240 0.40216905 0.03567006
600 240 0.40566766 -1.2805685E-9
624 240 0.40216914 -0.03567009
648 240 0.39186788 -0.06998479
672 240 0.3753299 -0.10169318
696 240 0.35344008 -0.12974297
720 240 0.3273211 -0.15335369
744 240 0.29823193 -0.17206039
768 240 0.2674572 -0.18572266
792 240 0.23620585 -0.19449762
816 240 0.20552854 -0.19878522
840 240 0.17626576 -0.19915554
864 240 0.1490269 -0.19627243
888 240 0.12419777 -0.19082382
912 240 0.1019674 -0.18346718
936 240 0.08236657 -0.1747926
960 240 0.06530933 -0.16530254
984 240 0.050631117 -0.15540597
1008 240 0.03812148 -0.14542176
1032 240 0.027549285 -0.13558775
1056 240 0.018680787 -0.12607358
1080 240 0.011291714 -0.11699285
1104 240 0.0051745097 -0.108415425
1128 240 1.420163E-4 -0.10037793
1152 240 -0.003971312 -0.09289246
1176 240 -0.0073097995 -0.08595375
0 264 -0.015240613 0.07990846
24 264 -0.012973789 0.086753994
48 264 -0.0100653265 0.09423571
72 264 -0.006378812 0.102391616
96 264 -0.0017524356 0.11125039
120 264 0.004004057 0.12082552
144 264 0.011111679 0.13110718
168 264 0.019823218 0.14205177
192 264 0.030421657 0.15356883
216 264 0.04321463 0.16550408
240 264 0.058523197 0.17762198
264 264 0.07666205 0.18958463
288 264 0.09791006 0.20093448
312 264 0.12246843 0.21108167
336 264 0.15040796 0.2193018
360 264 0.18160768 0.22475457
384 264 0.21569316 0.22652458
408 264 0.251986 0.22369206
432 264 0.28948006 0.21542954
456 264 0.3268574 0.20111413
480 264 0.36255497 0.18043783
504 264 0.39487642 0.15349446
528 264 0.4221392 0.12082417
552 264 0.44283175 0.083403856
576 264 0.4557588 0.042586885
600 264 0.4601556 1.6298145E-9
624 264 0.45575887 -0.042586938
648 264 0.44283172 -0.08340387
672 264 0.4221391 -0.12082416
696 264 0.39487645 -0.1534945
720 264 0.36255482 -0.18043774
744 264 0.32685733 -0.2011141
768 264 0.28948006 -0.21542953
792 264 0.25198603 -0.22369201
816 264 0.21569313 -0.22652456
840 264 0.18160771 -0.22475463
864 264 0.15040794 -0.21930183
888 264 0.12246842 -0.21108158
912 264 0.09791004 -0.20093454
936 264 0.07666205 -0.18958463
960 264 0.0585232 -0.17762198
984 264 0.043214645 -0.16550416
1008 264 0.030421652 -0.15356877
1032 264 0.019823225 -0.14205177
1056 264 0.011111682 -0.13110712
1080 264 0.0040040533 -0.120825514
1104 264 -0.0017524346 -0.11125038
1128 264 -0.0063788136 -0.10239164
1152 264 -0.010065321 -0.09423571
1176 264 -0.012973793 -0.08675398
0 288 -0.02084918 0.07967872
24 288 -0.019096062 0.08691717
48 288 -0.016728925 0.09490328
72 288 -0.01360204 0.10369997
96 288 -0.009538526 0.113365225
120 288 -0.004325145 0.123946026
144 288 0.0022927516 0.13546994
168 288 0.010615413 0.14793299
192 288 0.02099081 0.16128385
216 288 0.033812728 0.1754029
240 288 0.049512245 0.19007644
264 288 0.06853911 0.20496699
288 288 0.09132898 0.21958198
312 288 0.11825237 0.23324612
336 288 0.14954406 0.24508536
360 288 0.18521446 0.254035
384 288 0.22495158 0.2588812
408 288 0.26803163 0.2583506
432 288 0.31326312 0.2512426
456 288 0.35899013 0.23659693
480 288 0.40317264 0.21386473
504 288 0.44354668 0.18304732
528 288 0.47783652 0.14476894
552 288 0.50398743 0.10026589
576 288 0.5203731 0.051297866
600 288 0.5259535 4.5401976E-9
624 288 0.5203728 -0.05129789
648 288 0.5039874 -0.10026583
672 288 0.4778366 -0.14476897
696 288 0.44354656 -0.18304731
720 288 0.4031726 -0.21386476
744 288 0.35899 -0.23659685
768 288 0.31326306 -0.25124255
792 288 0.26803163 -0.2583506
816 288 0.2249515 -0.2588812
840 288 0.18521444 -0.25403494
864 288 0.14954406 -0.2450854
888 288 0.11825235 -0.23324612
912 288 0.09132897 -0.21958202
936 288 0.068539135 -0.20496699
960 288 0.049512245 -0.19007643
984 288 0.033812724 -0.17540288
1008 288 0.020990808 -0.16128388
1032 288 0.010615416 -0.14793296
1056 288 0.0022927532 -0.13546994
1080 288 -0.004325142 -0.12394604
1104 288 -0.00953853 -0.11336524
1128 288 -0.013602042 -0.103700005
1152 288 -0.016728919 -0.09490329
1176 288 -0.019096063 -0.086917184
0 312 -0.026778355 0.07876553
24 312 -0.025633886 0.08633262
48 312 -0.023925228 0.09475953
72 312 -0.021501541 0.10413807
96 312 -0.018175239 0.114561394
120 312 -0.013714246 0.12611839
144 312 -0.007833481 0.13888574
168 312 -1.8622042E-4 0.15291509
192 312 0.009643505 0.16821519
216 312 0.022145288 0.18472661
240 312 0.03788021 0.202288
264 312 0.057467002 0.22059421
288 312 0.08155031 0.23914662
312 312 0.11074251 0.25720245
336 312 0.14553344 0.2737329
360 312 0.18616498 0.28740707
384 312 0.23247947 0.29662612
408 312 0.28376493 0.29962635
432 312 0.33863878 0.29466268
456 312 0.395017 0.2802599
480 312 0.45021135 0.25548315
504 312 0.50115776 0.22016561
528 312 0.54473853 0.1750271
552 312 0.57813245 0.12165646
576 312 0.59911335 0.062371474
600 312 0.60626835 -9.313226E-9
624 312 0.5991134 -0.06237147
648 312 0.57813215 -0.12165652
672 312 0.54473877 -0.17502709
696 312 0.5011578 -0.22016564
720 312 0.45021138 -0.2554831
744 312 0.3950169 -0.28025994
768 312 0.33863866 -0.29466268
792 312 0.28376493 -0.29962635
816 312 0.23247941 -0.29662618
840 312 0.18616499 -0.287407
864 312 0.14553341 -0.27373278
888 312 0.11074252 -0.25720245
912 312 0.0815503 -0.23914665
936 312 0.057467014 -0.22059415
960 312 0.037880197 -0.20228797
984 312 0.022145288 -0.18472657
1008 312 0.009643507 -0.16821517
1032 312 -1.8622092E-4 -0.1529151
1056 312 -0.007833476 -0.13888574
1080 312 -0.013714245 -0.1261184
1104 312 -0.018175242 -0.11456141
1128 312 -0.021501545 -0.10413805
1152 312 -0.023925234 -0.09475952
1176 312 -0.02563389 -0.08633261
0 336 -0.03296418 0.077081
24 336 -0.03252177 0.08488892
48 336 -0.031590126 0.09366432
72 336 -0.030019121 0.10353085
96 336 -0.02761713 0.11462186
120 336 -0.024140475 0.12707643
144 336 -0.019280834 0.14103256
168 336 -0.012651006 0.15661539
192 336 -0.003769689 0.17391862
216 336 0.007952513 0.19297643
240 336 0.023222202 0.2137226
264 336 0.04286109 0.23593411
288 336 0.06778257 0.25915945
312 336 0.09893397 0.28263277
336 336 0.13718867 0.30518946
360 336 0.18317668 0.32520446
384 336 0.23705442 0.3405913
408 336 0.29824308 0.34891
432 336 0.3651971 0.34761357
456 336 0.43529832 0.33442762
480 336 0.504959 0.3077943
504 336 0.56996095 0.2672533
528 336 0.6259671 0.21364097
552 336 0.6690628 0.1490472
576 336 0.6961977 0.076574765
600 336 0.705459 4.8894435E-9
624 336 0.69619775 -0.076574825
648 336 0.669063 -0.14904721
672 336 0.6259671 -0.21364091
696 336 0.56996095 -0.26725346
720 336 0.5049589 -0.3077943
744 336 0.4352984 -0.33442765
768 336 0.36519715 -0.34761357
792 336 0.2982431 -0.34891
816 336 0.23705453 -0.34059122
840 336 0.1831767 -0.3252044
864 336 0.1371887 -0.30518958
888 336 0.098934 -0.28263277
912 336 0.067782596 -0.25915933
936 336 0.04286108 -0.23593417
960 336 0.0232222 -0.21372263
984 336 0.007952508 -0.19297642
1008 336 -0.0037696895 -0.17391856
1032 336 -0.012651014 -0.15661533
1056 336 -0.019280836 -0.14103258
1080 336 -0.02414047 -0.12707649
1104 336 -0.027617127 -0.114621855
1128 336 -0.03001913 -0.10353083
1152 336 -0.03159013 -0.09366432
1176 336 -0.03252176 -0.084888965
0 360 -0.039322373 0.07454367
24 360 -0.039668754 0.08247985
48 360 -0.039627932 0.091479585
72 360 -0.03905793 0.10170018
96 360 -0.03777217 0.11331873
120 360 -0.03552623 0.126531
144 360 -0.032000773 0.14154778
168 360 -0.026780877 0.1585856
192 360 -0.019331284 0.17785107
216 360 -0.008969082 0.1995123
240 360 0.005163013 0.22365399
264 360 0.024115846 0.2502083
288 360 0.049132578 0.278857
312 360 0.08160666 0.30890104
336 360 0.12296942 0.33910838
360 360 0.1744766 0.36756682
384 360 0.2368722 0.39160255
408 360 0.30995208 0.40785238
432 360 0.39211962 0.41257462
456 360 0.48010558 0.4022315
480 360 0.5690466 0.37423626
504 360 0.6530068 0.32762742
528 360 0.7258306 0.26340762
552 360 0.78203285 0.1844287
576 360 0.817447 0.0949339
600 360 0.82953376 -2.3283064E-9
624 360 0.81744695 -0.094933935
648 360 0.7820326 -0.18442865
672 360 0.72583055 -0.26340765
696 360 0.6530068 -0.32762736
720 360 0.56904656 -0.37423623
744 360 0.48010558 -0.40223157
768 360 0.3921194 -0.41257444
792 360 0.30995208 -0.40785226
816 360 0.23687226 -0.39160258
840 360 0.1744766 -0.3675667
864 360 0.12296942 -0.33910844
888 360 0.08160661 -0.30890107
912 360 0.049132574 -0.278857
936 360 0.024115838 -0.25020835
960 360 0.0051630083 -0.22365388
984 360 -0.008969084 -0.19951235
1008 360 -0.019331286 -0.17785107
1032 360 -0.026780881 -0.15858564
1056 360 -0.03200077 -0.14154774
1080 360 -0.035526246 -0.12653105
1104 360 -0.037772175 -0.113318734
1128 360 -0.03905794 -0.101700194
1152 360 -0.039627947 -0.091479585
1176 360 -0.039668746 -0.082479864
0 384 -0.04574765 0.0710839
24 384 -0.046956882 0.07901043
48 384 -0.047908306 0.08807731
72 384 -0.048476942 0.09847473
96 384 -0.04849281 0.11042439
120 384 -0.047725145 0.124182455
144 384 -0.045861628 0.14004041
168 384 -0.042480715 0.15832232
192 384 -0.037016492 0.17937443
216 384 -0.028714674 0.2035432
240 384 -0.016581602 0.23113182
264 384 6.687993E-4 0.26232547
288 384 0.024656406 0.29707015
312 384 0.057337593 0.33489126
336 384 0.10092237 0.37464508
360 384 0.15763892 0.41422954
384 384 0.22927539 0.45032892
408 384 0.3164735 0.47835052
432 384 0.41788608 0.49276108
456 384 0.5295065 0.48796874
480 384 0.6446096 0.45963308
504 384 0.7545854 0.40593073
528 384 0.85046536 0.3281678
552 384 0.924481 0.2304617
576 384 0.9710309 0.11878875
600 384 0.9868912 -5.5879354E-9
624 384 0.97103095 -0.11878874
648 384 0.92448103 -0.23046164
672 384 0.850465 -0.3281678
696 384 0.7545856 -0.40593073
720 384 0.6446096 -0.4596331
744 384 0.52950644 -0.48796886
768 384 0.41788614 -0.49276102
792 384 0.31647345 -0.47835067
816 384 0.22927539 -0.450329
840 384 0.15763897 -0.41422963
864 384 0.10092234 -0.3746451
888 384 0.057337563 -0.33489126
912 384 0.024656396 -0.29707024
936 384 6.6879916E-4 -0.26232544
960 384 -0.016581595 -0.23113176
984 384 -0.028714685 -0.20354323
1008 384 -0.037016507 -0.17937446
1032 384 -0.042480715 -0.1583223
1056 384 -0.045861613 -0.14004038
1080 384 -0.04772516 -0.124182425
1104 384 -0.04849282 -0.11042438
1128 384 -0.048476957 -0.09847471
1152 384 -0.0479083 -0.088077314
1176 384 -0.04695689 -0.07901042
0 408 -0.052114516 0.066649936
24 408 -0.05424111 0.07440533
48 408 -0.056264807 0.08334979
72 408 -0.058087476 0.09370283
96 408 -0.05956881 0.10572763
120 408 -0.06050958 0.11973955
144 408 -0.060627803 0.1361133
168 408 -0.059525795 0.15528932
192 408 -0.05664458 0.17777497
216 408 -0.051202342 0.20413592
240 408 -0.042113718 0.2349664
264 408 -0.027890049 0.2708232
288 408 -0.0065292036 0.3120974
312 408 0.024578463 0.35878822
336 408 0.068664834 0.41014388
360 408 0.12940364 0.46415317
384 408 0.21036367 0.51696
408 408 0.31393287 0.5624361
432 408 0.43974975 0.5923598
456 408 0.5831427 0.59768873
480 408 0.7345859 0.57094723
504 408 0.88105243 0.5087824
528 408 1.0089804 0.41318086
552 408 1.107253 0.29059422
576 408 1.1686279 0.14979206
600 408 1.1894399 -2.7008355E-8
624 408 1.1686281 -0.14979197
648 408 1.107253 -0.29059416
672 408 1.0089805 -0.41318083
696 408 0.88105243 -0.50878227
720 408 0.7345858 -0.57094705
744 408 0.58314276 -0.5976889
768 408 0.43974987 -0.5923598
792 408 0.31393293 -0.56243604
816 408 0.21036364 -0.5169602
840 408 0.12940362 -0.4641531
864 408 0.068664804 -0.41014397
888 408 0.024578474 -0.35878843
912 408 -0.0065291934 -0.31209737
936 408 -0.027890058 -0.27082312
960 408 -0.042113703 -0.23496632
984 408 -0.05120235 -0.20413598
1008 408 -0.056644592 -0.17777504
1032 408 -0.059525803 -0.15528928
1056 408 -0.060627807 -0.13611327
1080 408 -0.060509577 -0.11973953
1104 408 -0.059568815 -0.105727635
1128 408 -0.058087476 -0.09370278
1152 408 -0.05626481 -0.08334984
1176 408 -0.054241117 -0.074405335
0 432 -0.058279738 0.061214406
24 432 -0.06135152 0.06861716
48 432 -0.06449652 0.07722116
72 432 -0.06765303 0.08726769
96 432 -0.07072428 0.099053785
120 432 -0.07356224 0.11294582
144 432 -0.0759429 0.12939532
168 432 -0.07753091 0.14895678
192 432 -0.07782675 0.17230605
216 432 -0.07609024 0.20025463
240 432 -0.07122999 0.23374958
264 432 -0.061649214 0.27384198
288 432 -0.045040824 0.32158694
312 432 -0.018142778 0.37781394
336 432 0.023489347 0.44267857
360 432 0.08553466 0.514884
384 432 0.1744581 0.5905405
408 432 0.29606995 0.66190106
432 432 0.45273036 0.7168043
456 432 0.63976455 0.74020845
480 432 0.8433226 0.7186434
504 432 1.0425001 0.6458541
528 432 1.2156667 0.5255528
552 432 1.3467538 0.36897928
576 432 1.4272923 0.18971702
600 432 1.4543192 4.8428774E-8
624 432 1.4272926 -0.18971701
648 432 1.3467535 -0.36897922
672 432 1.215667 -0.5255529
696 432 1.0425004 -0.6458543
720 432 0.8433226 -0.7186433
744 432 0.6397643 -0.74020845
768 432 0.45273027 -0.7168041
792 432 0.29606992 -0.66190106
816 432 0.1744581 -0.59054047
840 432 0.08553462 -0.51488394
864 432 0.023489334 -0.44267854
888 432 -0.018142795 -0.377814
912 432 -0.04504082 -0.32158688
936 432 -0.06164921 -0.2738421
960 432 -0.071229994 -0.2337496
984 432 -0.076090254 -0.20025462
1008 432 -0.07782679 -0.17230614
1032 432 -0.07753091 -0.14895673
1056 432 -0.07594288 -0.12939526
1080 432 -0.073562235 -0.112945825
1104 432 -0.0707243 -0.099053785
1128 432 -0.067653 -0.087267675
1152 432 -0.064496525 -0.07722115
1176 432 -0.06135152 -0.06861718
0 456 -0.064086474 0.05478004
24 456 -0.06809807 0.061635178
48 456 -0.07237285 0.06965923
72 456 -0.076893866 0.07910438
96 456 -0.08162077 0.09028812
120 456 -0.08647564 0.10361187
144 456 -0.09132156 0.11958562
168 456 -0.0959284 0.13885921
192 456 -0.09992007 0.16226144
216 456 -0.102690734 0.19084604
240 456 -0.103274494 0.22593945
264 456 -0.100142054 0.2691769
288 456 -0.090892605 0.32249087
312 456 -0.07180638 0.38797146
336 456 -0.037256688 0.46744654
360 456 0.020895898 0.561506
384 456 0.11347653 0.6676212
408 456 0.25266835 0.7772478
432 456 0.44756937 0.87295854
456 456 0.6961427 0.92899036
480 456 0.9778992 0.9194012
504 456 1.2564684 0.83177733
528 456 1.4945956 0.6745289
552 456 1.6690183 0.46972165
576 456 1.77263 0.2397339
600 456 1.8066834 7.543713E-8
624 456 1.7726296 -0.23973416
648 456 1.6690179 -0.4697216
672 456 1.494596 -0.6745291
696 456 1.2564678 -0.8317774
720 456 0.9778997 -0.9194011
744 456 0.6961425 -0.92899007
768 456 0.4475693 -0.87295854
792 456 0.25266835 -0.777248
816 456 0.11347649 -0.66762143
840 456 0.020895882 -0.56150573
864 456 -0.037256703 -0.4674466
888 456 -0.071806386 -0.3879715
912 456 -0.090892605 -0.32249087
936 456 -0.10014206 -0.26917705
960 456 -0.10327446 -0.22593942
984 456 -0.10269076 -0.19084607
1008 456 -0.099920064 -0.16226147
1032 456 -0.09592843 -0.13885921
1056 456 -0.09132158 -0.11958558
1080 456 -0.08647569 -0.10361187
1104 456 -0.08162075 -0.09028812
1128 456 -0.076893866 -0.079104416
1152 456 -0.07237282 -0.06965922
1176 456 -0.068098076 -0.0616352
0 480 -0.06937074 0.047384966
24 480 -0.07427835 0.05349272
48 480 -0.07964275 0.06068687
72 480 -0.08549764 0.06921645
96 480 -0.091868415 0.0794004
120 480 -0.098763 0.091651
144 480 -0.10615662 0.10650564
168 480 -0.11396562 0.1246704
192 480 -0.12200321 0.14708036
216 480 -0.12990388 0.1749812
240 480 -0.13699433 0.21003759
264 480 -0.1420711 0.2544693
288 480 -0.14302038 0.31119913
312 480 -0.13617314 0.3839542
336 480 -0.115255274 0.4771439
360 480 -0.069820575 0.595081
384 480 0.0165903 0.7396278
408 480 0.16705486 0.9048798
432 480 0.40632316 1.0685331
456 480 0.7441748 1.1858407
480 480 1.151255 1.2021902
504 480 1.5570332 1.089789
528 480 1.8900717 0.87087256
552 480 2.1180263 0.5942195
576 480 2.2447727 0.29843345
600 480 2.2847974 -1.0244548E-7
624 480 2.244773 -0.29843348
648 480 2.118027 -0.5942195
672 480 1.8900713 -0.87087226
696 480 1.5570333 -1.0897889
720 480 1.1512545 -1.2021899
744 480 0.7441745 -1.1858405
768 480 0.40632334 -1.0685332
792 480 0.16705485 -0.90487987
816 480 0.016590314 -0.7396277
840 480 -0.06982056 -0.595081
864 480 -0.11525532 -0.47714388
888 480 -0.13617317 -0.3839542
912 480 -0.1430204 -0.3111991
936 480 -0.14207113 -0.2544693
960 480 -0.13699433 -0.2100376
984 480 -0.12990384 -0.17498113
1008 480 -0.12200316 -0.14708038
1032 480 -0.11396564 -0.12467038
1056 480 -0.10615658 -0.106505655
1080 480 -0.09876302 -0.09165108
1104 480 -0.09186839 -0.07940038
1128 480 -0.085497655 -0.06921642
1152 480 -0.079642735 -0.06068687
1176 480 -0.074278355 -0.053492706
0 504 -0.073969565 0.039106116
24 504 -0.0796879 0.04427254
48 504 -0.086047985 0.050390635
72 504 -0.09313583 0.057689354
96 504 -0.10104663 0.066466495
120 504 -0.10988256 0.07711391
144 504 -0.11974697 0.09015311
168 504 -0.13073221 0.10628741
192 504 -0.14289443 0.12647726
216 504 -0.15620479 0.1520526
240 504 -0.17045356 0.18487863
264 504 -0.18506528 0.22760256
288 504 -0.19873658 0.28401175
312 504 -0.20872441 0.35952604
336 504 -0.20945184 0.46176955
360 504 -0.1898286 0.60087055
384 504 -0.12847772 0.7881971
408 504 0.01301065 1.0298488
432 504 0.292498 1.3078158
456 504 0.7619462 1.548433
480 504 1.3904309 1.6239535
504 504 2.0201635 1.459051
528 504 2.492638 1.1222447
552 504 2.7744315 0.73360264
576 504 2.912022 0.35739028
600 504 2.9522069 1.6950071E-7
624 504 2.9120219 -0.35739008
648 504 2.774432 -0.73360276
672 504 2.4926367 -1.1222448
696 504 2.0201635 -1.459051
720 504 1.3904313 -1.6239537
744 504 0.7619461 -1.5484335
768 504 0.29249787 -1.3078156
792 504 0.013010659 -1.0298487
816 504 -0.12847771 -0.7881971
840 504 -0.18982859 -0.60087043
864 504 -0.20945182 -0.46176952
888 504 -0.20872445 -0.35952604
912 504 -0.19873656 -0.28401184
936 504 -0.18506533 -0.22760254
960 504 -0.17045349 -0.1848786
984 504 -0.15620472 -0.15205257
1008 504 -0.14289446 -0.12647727
1032 504 -0.13073218 -0.106287405
1056 504 -0.11974696 -0.09015313
1080 504 -0.10988257 -0.077113904
1104 504 -0.10104665 -0.06646652
1128 504 -0.093135856 -0.057689346
1152 504 -0.08604797 -0.05039064
1176 504 -0.07968787 -0.044272523
0 528 -0.07773035 0.030059671
24 528 -0.08413263 0.03410904
48 528 -0.091339685 0.038925067
72 528 -0.099486254 0.044699207
96 528 -0.10873415 0.051683575
120 528 -0.11927765 0.06021456
144 528 -0.13134946 0.070747465
168 528 -0.14522614 0.08390888
192 528 -0.1612305 0.10057585
216 528 -0.17972504 0.12200048
240 528 -0.20108432 0.15000772
264 528 -0.2256136 0.18731922
288 528 -0.2533431 0.23809043
312 528 -0.28352553 0.30881873
336 528 -0.31341037 0.40986702
360 528 -0.33523887 0.55789566
384 528 -0.32886654 0.7789871
408 528 -0.24445017 1.1088078
432 528 0.030239789 1.5713373
456 528 0.6809833 2.0838656
480 528 1.7625307 2.3190677
504 528 2.8482795 2.0078135
528 528 3.511376 1.4120506
552 528 3.805517 0.85045826
576 528 3.9134822 0.3937624
600 528 3.939589 7.8231096E-8
624 528 3.913482 -0.39376265
648 528 3.8055167 -0.85045844
672 528 3.5113764 -1.4120506
696 528 2.8482797 -2.007813
720 528 1.7625306 -2.3190682
744 528 0.6809834 -2.0838661
768 528 0.030239826 -1.5713375
792 528 -0.24445018 -1.1088074
816 528 -0.3288664 -0.77898717
840 528 -0.33523887 -0.5578959
864 528 -0.31341028 -0.40986693
888 528 -0.28352553 -0.30881873
912 528 -0.25334308 -0.23809046
936 528 -0.22561358 -0.18731925
960 528 -0.20108433 -0.15000781
984 528 -0.17972508 -0.12200044
1008 528 -0.16123042 -0.10057585
1032 528 -0.14522617 -0.083908856
1056 528 -0.13134947 -0.07074749
1080 528 -0.11927764 -0.060214538
1104 528 -0.108734176 -0.051683582
1128 528 -0.09948628 -0.044699203
1152 528 -0.09133968 -0.038925055
1176 528 -0.084132604 -0.03410905
0 552 -0.080520816 0.020399211
24 552 -0.08744268 0.02318616
48 552 -0.09529712 0.026511267
72 552 -0.10425885 0.030512575
96 552 -0.114545 0.035373453
120 552 -0.12642789 0.04134104
144 552 -0.14025219 0.048754
168 552 -0.15645821 0.05808528
192 552 -0.17561375 0.07000902
216 552 -0.19845675 0.08550933
240 552 -0.22595242 0.10606205
264 552 -0.2593616 0.13394974
288 552 -0.30031002 0.1728303
312 552 -0.35079435 0.2288113
336 552 -0.4129057 0.31258148
360 552 -0.4874859 0.4438533
384 552 -0.56885535 0.660985
408 552 -0.6246235 1.0414357
432 552 -0.5182438 1.7333201
456 552 0.24217209 2.8776622
480 552 2.4871354 3.7163744
504 552 4.7391586 2.8218875
528 552 5.5211477 1.6156132
552 552 5.6647415 0.8478266
576 552 5.6633406 0.36556286
600 552 5.6540055 2.477318E-7
624 552 5.663341 -0.36556283
648 552 5.6647425 -0.8478261
672 552 5.5211487 -1.6156127
696 552 4.739159 -2.8218875
720 552 2.4871354 -3.7163727
744 552 0.24217214 -2.8776631
768 552 -0.5182438 -1.7333195
792 552 -0.6246234 -1.0414361
816 552 -0.5688554 -0.6609849
840 552 -0.48748592 -0.44385338
864 552 -0.41290563 -0.31258157
888 552 -0.35079432 -0.22881132
912 552 -0.30030996 -0.17283024
936 552 -0.2593615 -0.13394973
960 552 -0.22595239 -0.10606206
984 552 -0.19845685 -0.085509345
1008 552 -0.17561373 -0.07000899
1032 552 -0.15645823 -0.05808528
1056 552 -0.14025223 -0.048753995
1080 552 -0.1264279 -0.041341018
1104 552 -0.11454502 -0.03537345
1128 552 -0.104258865 -0.030512577
1152 552 -0.09529712 -0.026511256
1176 552 -0.08744267 -0.023186153
0 576 -0.082238525 0.010309877
24 576 -0.08948524 0.0117304595
48 576 -0.09774626 0.013428635
72 576 -0.10722241 0.015476775
96 576 -0.1181675 0.01797149
120 576 -0.13090639 0.021043807
144 576 -0.14585985 0.024874667
168 576 -0.1635821 0.029718949
192 576 -0.18481421 0.035944074
216 576 -0.21056785 0.044093825
240 576 -0.24225305 0.05499796
264 576 -0.2818848 0.06996924
288 576 -0.33242565 0.091175914
312 576 -0.39837235 0.1223905
336 576 -0.48679882 0.17061521
360 576 -0.6092386 0.24994884
384 576 -0.78493714 0.3919354
408 576 -1.0443703 0.67770493
432 576 -1.4095373 1.3582958
456 576 -1.5397421 3.4024253
480 576 4.992338 8.691263
504 576 11.537439 3.377983
528 576 11.441968 1.2986925
552 576 11.127789 0.57022095
576 576 10.941862 0.22497559
600 576 10.881893 3.8277358E-7
624 576 10.941857 -0.22497503
648 576 11.127788 -0.57022154
672 576 11.44197 -1.2986923
696 576 11.537443 -3.3779817
720 576 4.9923363 -8.691263
744 576 -1.5397416 -3.4024243
768 576 -1.4095376 -1.3582945
792 576 -1.0443702 -0.6777047
816 576 -0.78493756 -0.39193544
840 576 -0.6092386 -0.24994886
864 576 -0.4867988 -0.17061518
888 576 -0.39837244 -0.1223905
912 576 -0.3324255 -0.09117586
936 576 -0.2818848 -0.06996927
960 576 -0.24225299 -0.05499797
984 576 -0.21056786 -0.044093825
1008 576 -0.18481421 -0.035944086
1032 576 -0.16358207 -0.029718947
1056 576 -0.14585991 -0.02487466
1080 576 -0.13090636 -0.02104381
1104 576 -0.118167505 -0.01797149
1128 576 -0.10722237 -0.015476776
1152 576 -0.09774626 -0.013428638
1176 576 -0.08948525 -0.011730458
0 600 -0.08281849 -1.8189894E-12
24 600 -0.09017584 0.0
48 600 -0.09857543 -1.6370905E-11
72 600 -0.1082274 5.456968E-12
96 600 -0.119398504 1.0913936E-11
120 600 -0.1324319 1.4551915E-11
144 600 -0.14777568 2.5465852E-11
168 600 -0.16602434 -3.274181E-11
192 600 -0.18798243 -2.5465852E-11
216 600 -0.21476153 -5.0931703E-11
240 600 -0.24793786 -9.458745E-11
264 600 -0.28981477 2.1827873E-11
288 600 -0.34388027 -7.2759576E-11
312 600 -0.41565615 -1.2369128E-10
336 600 -0.5143816 1.891749E-10
360 600 -0.6566641 -3.3469405E-10
384 600 -0.87537193 5.820766E-10
408 600 -1.2450266 -1.717126E-9
432 600 -1.9727222 -2.6775524E-9
456 600 -3.836362 3.000605E-8
480 600 6.7519407 2.2933818E-7
504 600 29.79783 -1.0667136E-6
528 600 55.12525 7.287599E-8
552 600 54.453804 -4.1991007E-7
576 600 27.013834 9.834766E-7
600 600 14.486822 -7.241033E-7
624 600 27.013838 -1.0663643E-6
648 600 54.45379 7.4505806E-8
672 600 55.12525 -4.172325E-7
696 600 29.797823 9.536743E-7
720 600 6.751942 -3.5762787E-7
744 600 -3.836362 -2.9802322E-8
768 600 -1.9727224 3.7252903E-9
792 600 -1.2450267 0.0
816 600 -0.8753722 -4.656613E-10
840 600 -0.6566642 0.0
864 600 -0.5143816 0.0
888 600 -0.41565615 0.0
912 600 -0.3438803 1.1641532E-10
936 600 -0.28981486 0.0
960 600 -0.24793795 -5.820766E-11
984 600 -0.2147614 0.0
1008 600 -0.18798237 -2.910383E-11
1032 600 -0.16602436 4.3655746E-11
1056 600 -0.14777564 -2.910383E-11
1080 600 -0.13243192 -1.4551915E-11
1104 600 -0.11939853 -1.4551915E-11
1128 600 -0.10822741 7.2759576E-12
1152 600 -0.09857547 2.1827873E-11
1176 600 -0.09017584 -7.2759576E-12
0 624 -0.08223852 -0.010309877
24 624 -0.08948525 -0.0117304595
48 624 -0.09774625 -0.013428637
72 624 -0.1072224 -0.015476776
96 624 -0.11816749 -0.01797149
120 624 -0.13090637 -0.021043807
144 624 -0.14585985 -0.024874665
168 624 -0.16358212 -0.029718949
192 624 -0.18481421 -0.035944078
216 624 -0.21056785 -0.04409383
240 624 -0.24225304 -0.05499796
264 624 -0.28188482 -0.06996924
288 624 -0.33242568 -0.09117592
312 624 -0.39837232 -0.1223905
336 624 -0.48679882 -0.17061523
360 624 -0.6092386 -0.24994884
384 624 -0.78493714 -0.39193544
408 624 -1.0443704 -0.677705
432 624 -1.4095372 -1.3582958
456 624 -1.539742 -3.402425
480 624 4.9923387 -8.691263
504 624 11.537439 -3.3779829
528 624 11.441967 -1.2986928
552 624 11.127789 -0.5702216
576 624 10.941861 -0.22497389
600 624 10.881894 7.301569E-7
624 624 10.941856 0.22497524
648 624 11.127789 0.57022107
672 624 11.44197 1.298692
696 624 11.537444 3.3779826
720 624 4.9923363 8.691264
744 624 -1.5397416 3.4024243
768 624 -1.4095376 1.3582945
792 624 -1.04437 0.67770463
816 624 -0.7849375 0.39193544
840 624 -0.6092387 0.24994886
864 624 -0.48679882 0.17061518
888 624 -0.3983724 0.122390494
912 624 -0.3324255 0.09117587
936 624 -0.28188476 0.06996927
960 624 -0.24225299 0.05499797
984 624 -0.21056788 0.04409383
1008 624 -0.18481421 0.035944086
1032 624 -0.16358207 0.029718947
1056 624 -0.14585993 0.024874657
1080 624 -0.13090636 0.021043807
1104 624 -0.118167505 0.01797149
1128 624 -0.10722236 0.015476776
1152 624 -0.09774627 0.013428637
1176 624 -0.08948525 0.011730457
0 648 -0.080520816 -0.020399213
24 648 -0.08744269 -0.02318616
48 648 -0.095297135 -0.026511265
72 648 -0.10425885 -0.030512575
96 648 -0.11454501 -0.03537345
120 648 -0.12642787 -0.04134104
144 648 -0.14025219 -0.048753995
168 648 -0.15645821 -0.058085274
192 648 -0.17561378 -0.07000903
216 648 -0.19845676 -0.08550932
240 648 -0.22595242 -0.10606204
264 648 -0.2593616 -0.13394974
288 648 -0.30031002 -0.17283028
312 648 -0.35079432 -0.22881128
336 648 -0.4129057 -0.31258148
360 648 -0.4874859 -0.44385332
384 648 -0.56885535 -0.660985
408 648 -0.6246235 -1.0414357
432 648 -0.5182438 -1.73332
456 648 0.24217209 -2.8776627
480 648 2.4871352 -3.7163742
504 648 4.739159 -2.8218875
528 648 5.521148 -1.615613
552 648 5.664742 -0.8478265
576 648 5.6633396 -0.36556268
600 648 5.6540055 1.2479722E-7
624 648 5.663341 0.3655624
648 648 5.664742 0.8478261
672 648 5.521149 1.6156125
696 648 4.7391586 2.8218875
720 648 2.4871354 3.7163727
744 648 0.24217214 2.8776634
768 648 -0.51824385 1.7333196
792 648 -0.6246234 1.0414361
816 648 -0.5688554 0.6609849
840 648 -0.48748595 0.44385338
864 648 -0.41290563 0.31258157
888 648 -0.35079435 0.22881134
912 648 -0.30030993 0.17283024
936 648 -0.25936154 0.13394971
960 648 -0.22595239 0.10606206
984 648 -0.19845685 0.085509345
1008 648 -0.17561376 0.070009
1032 648 -0.15645821 0.05808528
1056 648 -0.14025223 0.04875399
1080 648 -0.12642792 0.04134101
1104 648 -0.114545025 0.03537345
1128 648 -0.104258865 0.030512575
1152 648 -0.09529712 0.026511254
1176 648 -0.08744267 0.023186153
0 672 -0.07773036 -0.030059673
24 672 -0.08413263 -0.03410904
48 672 -0.09133968 -0.038925063
72 672 -0.099486254 -0.044699207
96 672 -0.10873415 -0.051683575
120 672 -0.11927765 -0.06021456
144 672 -0.13134946 -0.070747465
168 672 -0.14522614 -0.08390887
192 672 -0.1612305 -0.10057585
216 672 -0.17972504 -0.12200047
240 672 -0.20108432 -0.15000772
264 672 -0.2256136 -0.1873192
288 672 -0.2533431 -0.23809043
312 672 -0.28352553 -0.30881876
336 672 -0.31341034 -0.40986705
360 672 -0.33523884 -0.55789566
384 672 -0.32886654 -0.77898705
408 672 -0.24445015 -1.1088077
432 672 0.030239806 -1.5713375
456 672 0.68098336 -2.083866
480 672 1.7625306 -2.319068
504 672 2.8482797 -2.007813
528 672 3.511376 -1.4120506
552 672 3.805517 -0.8504583
576 672 3.9134822 -0.39376223
600 672 3.939589 7.0780516E-8
624 672 3.913482 0.3937626
648 672 3.8055167 0.8504585
672 672 3.5113764 1.4120508
696 672 2.8482795 2.0078127
720 672 1.7625304 2.3190684
744 672 0.6809834 2.0838661
768 672 0.030239854 1.5713372
792 672 -0.24445012 1.1088076
816 672 -0.32886642 0.7789871
840 672 -0.3352389 0.5578959
864 672 -0.31341028 0.40986687
888 672 -0.2835255 0.30881876
912 672 -0.25334308 0.23809046
936 672 -0.22561356 0.18731923
960 672 -0.20108435 0.1500078
984 672 -0.17972507 0.12200044
1008 672 -0.1612304 0.10057584
1032 672 -0.14522615 0.083908856
1056 672 -0.13134946 0.07074749
1080 672 -0.11927765 0.060214546
1104 672 -0.108734176 0.051683586
1128 672 -0.09948628 0.044699207
1152 672 -0.09133968 0.03892506
1176 672 -0.084132604 0.03410905
0 696 -0.07396955 -0.039106112
24 696 -0.0796879 -0.04427254
48 696 -0.086047985 -0.05039064
72 696 -0.093135834 -0.057689354
96 696 -0.10104663 -0.06646648
120 696 -0.109882556 -0.077113904
144 696 -0.11974697 -0.09015311
168 696 -0.13073221 -0.10628741
192 696 -0.14289445 -0.12647727
216 696 -0.1562048 -0.15205261
240 696 -0.17045358 -0.18487862
264 696 -0.18506528 -0.22760256
288 696 -0.1987366 -0.28401175
312 696 -0.20872441 -0.3595261
336 696 -0.20945184 -0.46176952
360 696 -0.1898286 -0.60087067
384 696 -0.12847774 -0.78819716
408 696 0.013010657 -1.0298489
432 696 0.29249802 -1.3078159
456 696 0.76194614 -1.5484331
480 696 1.3904312 -1.6239533
504 696 2.0201635 -1.459051
528 696 2.492638 -1.1222448
552 696 2.7744317 -0.73360246
576 696 2.9120219 -0.3573903
600 696 2.952207 8.195639E-8
624 696 2.9120219 0.35739014
648 696 2.774432 0.73360264
672 696 2.4926367 1.122245
696 696 2.020163 1.459051
720 696 1.3904313 1.6239537
744 696 0.7619461 1.5484335
768 696 0.2924979 1.3078154
792 696 0.013010652 1.0298487
816 696 -0.12847774 0.78819704
840 696 -0.1898286 0.60087043
864 696 -0.20945182 0.46176946
888 696 -0.20872447 0.359526
912 696 -0.19873656 0.28401178
936 696 -0.18506533 0.22760254
960 696 -0.17045349 0.1848786
984 696 -0.15620472 0.15205255
1008 696 -0.14289446 0.12647727
1032 696 -0.13073218 0.106287405
1056 696 -0.11974696 0.09015313
1080 696 -0.10988256 0.0771139
1104 696 -0.10104666 0.06646652
1128 696 -0.093135856 0.057689343
1152 696 -0.08604798 0.05039064
1176 696 -0.07968787 0.044272523
0 720 -0.069370724 -0.047384966
24 720 -0.07427835 -0.053492725
48 720 -0.07964275 -0.060686875
72 720 -0.08549763 -0.06921645
96 720 -0.091868415 -0.079400405
120 720 -0.098763004 -0.091651
144 720 -0.10615662 -0.10650564
168 720 -0.11396563 -0.1246704
192 720 -0.12200322 -0.14708036
216 720 -0.12990388 -0.1749812
240 720 -0.13699433 -0.21003759
264 720 -0.14207111 -0.25446928
288 720 -0.14302038 -0.31119913
312 720 -0.13617316 -0.38395423
336 720 -0.11525528 -0.47714394
360 720 -0.069820575 -0.59508103
384 720 0.016590307 -0.7396278
408 720 0.16705486 -0.90487987
432 720 0.40632313 -1.0685332
456 720 0.7441747 -1.1858406
480 720 1.151255 -1.2021902
504 720 1.5570328 -1.089789
528 720 1.8900715 -0.87087256
552 720 2.1180263 -0.5942195
576 720 2.244773 -0.29843342
600 720 2.2847972 1.03376806E-7
624 720 2.244773 0.2984335
648 720 2.1180267 0.59421945
672 720 1.8900713 0.8708723
696 720 1.5570332 1.089789
720 720 1.1512544 1.20219
744 720 0.7441745 1.1858404
768 720 0.4063233 1.0685332
792 720 0.16705486 0.90487987
816 720 0.01659031 0.7396277
840 720 -0.06982057 0.595081
864 720 -0.115255326 0.47714388
888 720 -0.13617317 0.3839542
912 720 -0.1430204 0.3111991
936 720 -0.14207114 0.2544693
960 720 -0.13699436 0.21003759
984 720 -0.12990385 0.17498113
1008 720 -0.12200315 0.14708036
1032 720 -0.113965645 0.12467039
1056 720 -0.10615658 0.10650566
1080 720 -0.09876303 0.091651075
1104 720 -0.09186839 0.07940039
1128 720 -0.08549766 0.06921642
1152 720 -0.07964274 0.06068687
1176 720 -0.07427835 0.053492703
0 744 -0.06408648 -0.054780036
24 744 -0.06809807 -0.06163518
48 744 -0.07237285 -0.06965923
72 744 -0.076893866 -0.079104386
96 744 -0.08162075 -0.09028812
120 744 -0.08647564 -0.10361188
144 744 -0.09132156 -0.11958562
168 744 -0.0959284 -0.1388592
192 744 -0.09992006 -0.16226146
216 744 -0.102690734 -0.19084607
240 744 -0.1032745 -0.22593947
264 744 -0.10014205 -0.2691769
288 744 -0.09089261 -0.32249093
312 744 -0.07180638 -0.3879715
336 744 -0.037256684 -0.46744654
360 744 0.020895889 -0.5615059
384 744 0.11347652 -0.66762125
408 744 0.25266832 -0.7772478
432 744 0.44756937 -0.8729586
456 744 0.6961427 -0.92899036
480 744 0.97789925 -0.91940135
504 744 1.2564684 -0.8317773
528 744 1.4945955 -0.67452896
552 744 1.6690183 -0.46972167
576 744 1.77263 -0.23973395
600 744 1.8066834 2.4214387E-8
624 744 1.7726296 0.2397343
648 744 1.6690179 0.46972162
672 744 1.4945959 0.67452896
696 744 1.2564678 0.83177745
720 744 0.97789973 0.91940117
744 744 0.69614255 0.92899007
768 744 0.4475693 0.87295854
792 744 0.25266835 0.77724797
816 744 0.113476485 0.6676214
840 744 0.02089588 0.56150573
864 744 -0.0372567 0.4674466
888 744 -0.071806386 0.38797152
912 744 -0.0908926 0.32249087
936 744 -0.10014207 0.26917702
960 744 -0.10327446 0.22593941
984 744 -0.10269076 0.19084604
1008 744 -0.09992007 0.16226147
1032 744 -0.09592843 0.1388592
1056 744 -0.091321595 0.11958559
1080 744 -0.086475685 0.10361188
1104 744 -0.08162075 0.09028811
1128 744 -0.07689387 0.07910441
1152 744 -0.07237282 0.06965922
1176 744 -0.06809807 0.061635204
0 768 -0.058279745 -0.061214406
24 768 -0.06135152 -0.06861716
48 768 -0.06449651 -0.07722117
72 768 -0.06765303 -0.08726768
96 768 -0.07072428 -0.099053785
120 768 -0.07356224 -0.11294582
144 768 -0.075942904 -0.12939532
168 768 -0.07753092 -0.14895676
192 768 -0.07782676 -0.17230605
216 768 -0.07609025 -0.20025462
240 768 -0.07122999 -0.23374958
264 768 -0.061649207 -0.27384198
288 768 -0.04504082 -0.3215869
312 768 -0.018142775 -0.377814
336 768 0.02348935 -0.44267854
360 768 0.08553467 -0.51488405
384 768 0.17445812 -0.5905406
408 768 0.29606998 -0.6619011
432 768 0.45273036 -0.71680427
456 768 0.63976455 -0.74020857
480 768 0.84332263 -0.7186434
504 768 1.0425003 -0.6458542
528 768 1.2156667 -0.5255528
552 768 1.3467536 -0.36897922
576 768 1.4272923 -0.18971701
600 768 1.4543192 1.21071935E-8
624 768 1.4272926 0.18971698
648 768 1.3467534 0.36897922
672 768 1.215667 0.5255529
696 768 1.0425005 0.64585423
720 768 0.8433225 0.7186433
744 768 0.6397643 0.7402084
768 768 0.45273027 0.7168042
792 768 0.29606992 0.66190106
816 768 0.17445809 0.5905405
840 768 0.08553461 0.514884
864 768 0.023489337 0.44267854
888 768 -0.018142795 0.37781402
912 768 -0.045040824 0.32158688
936 768 -0.061649207 0.27384207
960 768 -0.071229994 0.23374958
984 768 -0.076090254 0.20025463
1008 768 -0.07782678 0.17230615
1032 768 -0.07753092 0.14895673
1056 768 -0.07594289 0.12939528
1080 768 -0.073562235 0.11294583
1104 768 -0.07072429 0.099053785
1128 768 -0.06765299 0.08726767
1152 768 -0.064496525 0.077221155
1176 768 -0.06135152 0.06861717
0 792 -0.05211452 -0.06664994
24 792 -0.054241117 -0.07440533
48 792 -0.056264807 -0.08334979
72 792 -0.058087476 -0.09370282
96 792 -0.059568815 -0.105727635
120 792 -0.06050958 -0.11973954
144 792 -0.060627803 -0.13611332
168 792 -0.059525795 -0.15528934
192 792 -0.05664458 -0.17777497
216 792 -0.051202342 -0.20413592
240 792 -0.042113714 -0.2349664
264 792 -0.02789005 -0.2708232
288 792 -0.0065292027 -0.31209737
312 792 0.024578467 -0.35878825
336 792 0.06866481 -0.41014382
360 792 0.12940364 -0.46415317
384 792 0.21036366 -0.51695997
408 792 0.31393287 -0.5624361
432 792 0.43974975 -0.5923598
456 792 0.5831427 -0.59768873
480 792 0.73458594 -0.57094723
504 792 0.88105243 -0.5087825
528 792 1.0089806 -0.4131809
552 792 1.107253 -0.29059422
576 792 1.168628 -0.14979208
600 792 1.1894399 -5.122274E-9
624 792 1.168628 0.14979194
648 792 1.1072531 0.2905941
672 792 1.0089804 0.41318083
696 792 0.88105243 0.5087823
720 792 0.73458576 0.5709471
744 792 0.58314276 0.5976889
768 792 0.43974984 0.5923597
792 792 0.31393293 0.56243604
816 792 0.21036364 0.51696014
840 792 0.1294036 0.4641531
864 792 0.0686648 0.41014397
888 792 0.024578476 0.35878843
912 792 -0.006529197 0.31209734
936 792 -0.027890058 0.27082312
960 792 -0.042113706 0.23496632
984 792 -0.051202346 0.20413598
1008 792 -0.056644592 0.17777503
1032 792 -0.059525803 0.15528926
1056 792 -0.060627803 0.13611327
1080 792 -0.060509574 0.11973954
1104 792 -0.059568815 0.105727635
1128 792 -0.058087483 0.093702786
1152 792 -0.056264818 0.08334983
1176 792 -0.054241117 0.074405335
0 816 -0.045747653 -0.0710839
24 816 -0.046956882 -0.07901042
48 816 -0.04790831 -0.08807731
72 816 -0.04847694 -0.09847473
96 816 -0.048492815 -0.1104244
120 816 -0.04772515 -0.12418246
144 816 -0.04586163 -0.14004041
168 816 -0.04248071 -0.15832232
192 816 -0.037016496 -0.17937444
216 816 -0.02871467 -0.20354317
240 816 -0.0165816 -0.2311318
264 816 6.687988E-4 -0.26232547
288 816 0.024656402 -0.29707015
312 816 0.0573376 -0.33489123
336 816 0.10092237 -0.3746451
360 816 0.15763894 -0.41422957
384 816 0.22927538 -0.45032892
408 816 0.3164735 -0.4783505
432 816 0.41788605 -0.4927611
456 816 0.5295065 -0.48796874
480 816 0.6446095 -0.45963308
504 816 0.7545853 -0.40593067
528 816 0.8504653 -0.3281678
552 816 0.92448103 -0.23046172
576 816 0.9710308 -0.11878878
600 816 0.9868914 -2.0023435E-8
624 816 0.9710309 0.118788734
648 816 0.92448103 0.23046169
672 816 0.85046494 0.32816777
696 816 0.7545857 0.40593073
720 816 0.6446096 0.4596331
744 816 0.5295064 0.4879688
768 816 0.41788614 0.49276105
792 816 0.31647345 0.47835067
816 816 0.22927539 0.450329
840 816 0.15763897 0.4142297
864 816 0.10092233 0.3746451
888 816 0.05733756 0.33489126
912 816 0.024656398 0.29707024
936 816 6.687966E-4 0.2623254
960 816 -0.016581593 0.23113175
984 816 -0.028714688 0.20354323
1008 816 -0.037016507 0.17937446
1032 816 -0.042480715 0.1583223
1056 816 -0.045861613 0.14004038
1080 816 -0.047725156 0.12418243
1104 816 -0.04849282 0.11042438
1128 816 -0.048476957 0.09847472
1152 816 -0.047908302 0.08807732
1176 816 -0.046956886 0.07901043
0 840 -0.039322373 -0.07454368
24 840 -0.03966875 -0.08247984
48 840 -0.039627932 -0.09147958
72 840 -0.039057925 -0.10170017
96 840 -0.03777217 -0.113318734
120 840 -0.03552623 -0.12653102
144 840 -0.03200077 -0.14154778
168 840 -0.02678088 -0.15858561
192 840 -0.019331286 -0.17785108
216 840 -0.00896908 -0.19951229
240 840 0.0051630097 -0.22365399
264 840 0.024115847 -0.2502083
288 840 0.04913257 -0.278857
312 840 0.08160665 -0.30890104
336 840 0.12296941 -0.33910838
360 840 0.1744766 -0.36756682
384 840 0.2368722 -0.39160255
408 840 0.30995208 -0.40785238
432 840 0.39211962 -0.4125746
456 840 0.4801056 -0.4022315
480 840 0.56904656 -0.37423623
504 840 0.6530068 -0.32762736
528 840 0.7258306 -0.26340762
552 840 0.78203285 -0.1844287
576 840 0.81744695 -0.09493389
600 840 0.82953376 4.656613E-10
624 840 0.8174469 0.094933935
648 840 0.7820325 0.18442865
672 840 0.72583055 0.26340765
696 840 0.6530068 0.32762733
720 840 0.5690465 0.37423623
744 840 0.48010558 0.40223163
768 840 0.39211947 0.41257447
792 840 0.30995208 0.4078523
816 840 0.23687227 0.39160264
840 840 0.1744766 0.3675667
864 840 0.122969426 0.33910847
888 840 0.08160661 0.3089011
912 840 0.049132578 0.27885702
936 840 0.024115838 0.25020835
960 840 0.005163007 0.2236539
984 840 -0.008969086 0.19951236
1008 840 -0.019331284 0.17785105
1032 840 -0.026780877 0.15858564
1056 840 -0.032000773 0.14154775
1080 840 -0.035526246 0.12653105
1104 840 -0.037772175 0.11331872
1128 840 -0.03905794 0.1017002
1152 840 -0.039627947 0.09147958
1176 840 -0.039668746 0.08247986
0 864 -0.03296419 -0.07708101
24 864 -0.03252177 -0.08488892
48 864 -0.031590126 -0.09366432
72 864 -0.030019123 -0.10353085
96 864 -0.027617132 -0.11462186
120 864 -0.024140473 -0.12707645
144 864 -0.019280834 -0.14103258
168 864 -0.012651006 -0.1566154
192 864 -0.003769687 -0.17391863
216 864 0.007952511 -0.19297643
240 864 0.023222202 -0.21372262
264 864 0.04286109 -0.23593414
288 864 0.06778258 -0.25915942
312 864 0.09893398 -0.28263277
336 864 0.13718869 -0.30518946
360 864 0.18317668 -0.32520443
384 864 0.23705444 -0.3405913
408 864 0.29824308 -0.34891
432 864 0.36519706 -0.34761354
456 864 0.4352983 -0.33442762
480 864 0.504959 -0.30779427
504 864 0.56996095 -0.26725334
528 864 0.625967 -0.21364097
552 864 0.6690628 -0.1490472
576 864 0.6961977 -0.076574765
600 864 0.705459 1.1175871E-8
624 864 0.6961977 0.07657483
648 864 0.6690629 0.14904721
672 864 0.6259671 0.21364091
696 864 0.56996095 0.26725346
720 864 0.5049589 0.3077943
744 864 0.4352984 0.33442765
768 864 0.36519715 0.34761357
792 864 0.2982431 0.34891003
816 864 0.23705454 0.3405912
840 864 0.1831767 0.32520437
864 864 0.13718869 0.30518958
888 864 0.09893399 0.28263274
912 864 0.06778259 0.25915933
936 864 0.04286108 0.23593418
960 864 0.0232222 0.21372263
984 864 0.007952508 0.1929764
1008 864 -0.003769689 0.17391856
1032 864 -0.012651014 0.15661535
1056 864 -0.019280836 0.14103256
1080 864 -0.02414047 0.12707646
1104 864 -0.027617127 0.11462186
1128 864 -0.030019132 0.10353084
1152 864 -0.031590123 0.09366431
1176 864 -0.03252176 0.084888965
0 888 -0.026778355 -0.07876553
24 888 -0.025633888 -0.08633262
48 888 -0.023925228 -0.094759524
72 888 -0.021501541 -0.10413808
96 888 -0.018175239 -0.114561394
120 888 -0.013714247 -0.1261184
144 888 -0.00783348 -0.13888574
168 888 -1.8621927E-4 -0.15291508
192 888 0.009643501 -0.1682152
216 888 0.022145292 -0.1847266
240 888 0.037880212 -0.202288
264 888 0.057467006 -0.22059418
288 888 0.081550315 -0.2391466
312 888 0.11074251 -0.25720248
336 888 0.14553344 -0.2737329
360 888 0.18616499 -0.28740704
384 888 0.23247948 -0.29662612
408 888 0.28376496 -0.29962632
432 888 0.33863878 -0.29466265
456 888 0.39501703 -0.28025985
480 888 0.45021135 -0.25548312
504 888 0.50115776 -0.22016561
528 888 0.5447386 -0.1750271
552 888 0.57813245 -0.121656455
576 888 0.59911335 -0.062371485
600 888 0.60626835 -2.7939677E-9
624 888 0.5991134 0.06237147
648 888 0.5781322 0.1216565
672 888 0.5447388 0.17502707
696 888 0.5011579 0.22016564
720 888 0.45021138 0.25548312
744 888 0.39501697 0.28025994
768 888 0.33863866 0.29466265
792 888 0.28376493 0.29962632
816 888 0.23247941 0.2966262
840 888 0.18616499 0.287407
864 888 0.14553341 0.27373275
888 888 0.11074252 0.25720242
912 888 0.08155031 0.23914666
936 888 0.057467014 0.22059414
960 888 0.037880193 0.20228797
984 888 0.02214529 0.18472658
1008 888 0.009643508 0.16821517
1032 888 -1.8622188E-4 0.1529151
1056 888 -0.007833476 0.13888574
1080 888 -0.0137142455 0.1261184
1104 888 -0.018175242 0.1145614
1128 888 -0.021501545 0.104138054
1152 888 -0.023925232 0.09475951
1176 888 -0.025633888 0.086332604
0 912 -0.02084918 -0.07967872
24 912 -0.019096062 -0.08691717
48 912 -0.016728926 -0.094903275
72 912 -0.01360204 -0.10369996
96 912 -0.009538525 -0.11336522
120 912 -0.0043251445 -0.12394602
144 912 0.0022927506 -0.13546994
168 912 0.010615412 -0.14793298
192 912 0.020990808 -0.16128385
216 912 0.033812728 -0.1754029
240 912 0.049512245 -0.19007644
264 912 0.06853912 -0.20496698
288 912 0.09132897 -0.21958198
312 912 0.118252374 -0.23324609
336 912 0.14954406 -0.24508537
360 912 0.18521447 -0.25403497
384 912 0.22495158 -0.25888124
408 912 0.26803163 -0.2583506
432 912 0.31326315 -0.2512426
456 912 0.35899013 -0.23659693
480 912 0.40317264 -0.21386474
504 912 0.44354665 -0.18304731
528 912 0.47783652 -0.14476891
552 912 0.5039874 -0.1002659
576 912 0.520373 -0.051297866
600 912 0.5259535 4.4237822E-9
624 912 0.52037287 0.05129789
648 912 0.50398743 0.100265846
672 912 0.4778366 0.14476898
696 912 0.44354656 0.18304731
720 912 0.40317267 0.21386474
744 912 0.35899004 0.23659685
768 912 0.31326306 0.25124258
792 912 0.2680316 0.2583506
816 912 0.2249515 0.2588812
840 912 0.18521446 0.25403494
864 912 0.14954406 0.2450854
888 912 0.118252344 0.2332461
912 912 0.09132898 0.219582
936 912 0.068539135 0.20496699
960 912 0.04951224 0.19007644
984 912 0.033812724 0.17540288
1008 912 0.020990808 0.16128385
1032 912 0.010615416 0.14793296
1056 912 0.0022927534 0.13546996
1080 912 -0.0043251445 0.12394603
1104 912 -0.009538529 0.11336524
1128 912 -0.013602041 0.10370001
1152 912 -0.01672892 0.09490329
1176 912 -0.019096065 0.086917184
0 936 -0.015240612 -0.07990846
24 936 -0.012973788 -0.086753994
48 936 -0.0100653265 -0.09423571
72 936 -0.006378812 -0.102391616
96 936 -0.0017524355 -0.1112504
120 936 0.004004057 -0.120825514
144 936 0.011111679 -0.13110715
168 936 0.019823218 -0.14205177
192 936 0.030421661 -0.15356883
216 936 0.04321463 -0.16550408
240 936 0.05852319 -0.17762198
264 936 0.07666204 -0.18958463
288 936 0.09791007 -0.2009345
312 936 0.12246843 -0.21108164
336 936 0.15040794 -0.21930179
360 936 0.1816077 -0.22475459
384 936 0.21569315 -0.22652458
408 936 0.251986 -0.22369206
432 936 0.28948006 -0.21542954
456 936 0.3268574 -0.20111413
480 936 0.36255497 -0.18043782
504 936 0.39487642 -0.15349448
528 936 0.42213926 -0.120824166
552 936 0.44283178 -0.08340386
576 936 0.45575887 -0.04258688
600 936 0.46015558 2.910383E-9
624 936 0.45575884 0.042586938
648 936 0.44283175 0.08340386
672 936 0.4221391 0.12082417
696 936 0.39487645 0.15349449
720 936 0.36255485 0.18043776
744 936 0.32685733 0.2011141
768 936 0.28948003 0.21542954
792 936 0.25198603 0.22369203
816 936 0.21569313 0.22652458
840 936 0.18160772 0.22475463
864 936 0.15040796 0.21930183
888 936 0.12246843 0.21108158
912 936 0.09791004 0.20093454
936 936 0.076662056 0.18958463
960 936 0.058523193 0.17762199
984 936 0.04321465 0.16550416
1008 936 0.030421652 0.15356879
1032 936 0.019823225 0.14205177
1056 936 0.011111681 0.13110712
1080 936 0.0040040524 0.120825514
1104 936 -0.0017524343 0.111250386
1128 936 -0.0063788122 0.10239164
1152 936 -0.010065322 0.09423571
1176 936 -0.012973794 0.08675398
0 960 -0.009997865 -0.0795446
24 960 -0.0073098005 -0.08595374
48 960 -0.003971313 -0.092892475
72 960 1.4201645E-4 -0.100377895
96 960 0.0051745106 -0.10841543
120 960 0.011291715 -0.11699283
144 960 0.018680783 -0.12607358
168 960 0.027549302 -0.13558772
192 960 0.03812149 -0.14542173
216 960 0.05063111 -0.15540597
240 960 0.06530932 -0.16530249
264 960 0.0823666 -0.17479253
288 960 0.10196736 -0.1834672
312 960 0.12419777 -0.19082382
336 960 0.14902692 -0.19627243
360 960 0.17626572 -0.19915552
384 960 0.20552848 -0.19878514
408 960 0.23620577 -0.19449763
432 960 0.26745713 -0.18572266
456 960 0.298232 -0.1720604
480 960 0.32732114 -0.15335365
504 960 0.35344005 -0.12974295
528 960 0.37533 -0.10169318
552 960 0.39186797 -0.06998476
576 960 0.40216905 -0.03567006
600 960 0.40566766 -1.5133992E-9
624 960 0.40216917 0.03567007
648 960 0.39186788 0.0699848
672 960 0.3753299 0.10169318
696 960 0.35344008 0.12974297
720 960 0.3273211 0.15335369
744 960 0.2982319 0.17206037
768 960 0.2674572 0.18572266
792 960 0.23620586 0.19449762
816 960 0.20552853 0.19878522
840 960 0.17626578 0.19915555
864 960 0.14902689 0.19627243
888 960 0.12419778 0.19082384
912 960 0.1019674 0.18346718
936 960 0.08236658 0.17479259
960 960 0.065309346 0.16530256
984 960 0.050631117 0.15540595
1008 960 0.03812148 0.14542176
1032 960 0.027549285 0.13558775
1056 960 0.018680789 0.12607357
1080 960 0.011291714 0.11699285
1104 960 0.00517451 0.108415425
1128 960 1.4201601E-4 0.10037794
1152 960 -0.0039713117 0.09289247
1176 960 -0.007309803 0.08595374
0 984 -0.005149486 -0.078675315
24 984 -0.0021273275 -0.08462271
48 984 0.0015387677 -0.09100052
72 984 0.005959784 -0.097809315
96 984 0.011261634 -0.10503649
120 984 0.017585265 -0.112651385
144 984 0.025085654 -0.12059931
168 984 0.03392933 -0.12879474
192 984 0.04428964 -0.13711289
216 984 0.05633889 -0.145382
240 984 0.07023722 -0.15337436
264 984 0.08611641 -0.16080005
288 984 0.104059786 -0.16730294
312 984 0.12407749 -0.17246239
336 984 0.146079 -0.17580295
360 984 0.1698459 -0.17681356
384 984 0.1950085 -0.17497844
408 984 0.22103278 -0.16981912
432 984 0.24722095 -0.160944
456 984 0.27273262 -0.14810169
480 984 0.2966258 -0.13122858
504 984 0.31791747 -0.11048421
528 984 0.3356565 -0.08626706
552 984 0.34900036 -0.05920563
576 984 0.35728863 -0.030126315
600 984 0.36009964 2.2118911E-9
624 984 0.3572886 0.030126335
648 984 0.34900042 0.05920564
672 984 0.3356564 0.08626707
696 984 0.31791764 0.11048423
720 984 0.2966258 0.13122857
744 984 0.27273265 0.1481017
768 984 0.24722093 0.160944
792 984 0.22103277 0.16981909
816 984 0.19500855 0.17497846
840 984 0.16984591 0.17681354
864 984 0.14607897 0.1758029
888 984 0.12407751 0.17246242
912 984 0.10405979 0.16730295
936 984 0.08611638 0.16080007
960 984 0.07023722 0.15337437
984 984 0.056338906 0.145382
1008 984 0.044289634 0.13711289
1032 984 0.033929337 0.12879467
1056 984 0.025085647 0.120599315
1080 984 0.01758526 0.11265138
1104 984 0.0112616345 0.10503647
1128 984 0.0059597827 0.09780932
1152 984 0.0015387676 0.09100055
1176 984 -0.0021273259 0.08462269
0 1008 -7.098925E-4 -0.0773845
24 1008 0.002566485 -0.08285974
48 1008 0.006468427 -0.08867541
72 1008 0.011093031 -0.09481936
96 1008 0.016548041 -0.1012659
120 1008 0.02295103 -0.10797172
144 1008 0.030427732 -0.114871174
168 1008 0.03910875 -0.12187086
192 1008 0.049124483 -0.12884389
216 1008 0.060597733 -0.1356242
240 1008 0.073633544 -0.14200181
264 1008 0.088306025 -0.14771943
288 1008 0.104642384 -0.15247256
312 1008 0.12260442 -0.15591353
336 1008 0.14206979 -0.15766226
360 1008 0.16281384 -0.15732321
384 1008 0.18449664 -0.1545104
408 1008 0.20665663 -0.14887974
432 1008 0.22871651 -0.14016432
456 1008 0.25000185 -0.12821151
480 1008 0.2697734 -0.11301502
504 1008 0.28727233 -0.094737396
528 1008 0.3017725 -0.073718764
552 1008 0.31263673 -0.050468888
576 1008 0.319367 -0.025642501
600 1008 0.32164648 -4.5401976E-9
624 1008 0.31936693 0.025642501
648 1008 0.3126368 0.050468907
672 1008 0.30177256 0.07371879
696 1008 0.28727233 0.09473741
720 1008 0.26977342 0.11301499
744 1008 0.2500018 0.12821154
768 1008 0.2287165 0.14016438
792 1008 0.2066566 0.14887972
816 1008 0.18449663 0.15451041
840 1008 0.16281387 0.15732314
864 1008 0.14206979 0.15766226
888 1008 0.1226044 0.15591358
912 1008 0.10464238 0.15247257
936 1008 0.088306025 0.14771941
960 1008 0.073633544 0.14200184
984 1008 0.06059772 0.13562417
1008 1008 0.049124464 0.12884387
1032 1008 0.03910873 0.121870875
1056 1008 0.030427733 0.11487121
1080 1008 0.022951031 0.10797171
1104 1008 0.016548032 0.10126588
1128 1008 0.011093033 0.09481935
1152 1008 0.006468427 0.08867539
1176 1008 0.0025664838 0.082859725
0 1032 0.003318156 -0.075749956
24 1032 0.0067772223 -0.08075462
48 1032 0.010834712 -0.08601977
72 1032 0.015574071 -0.09152389
96 1032 0.021085821 -0.09723224
120 1032 0.027466262 -0.103093825
144 1032 0.034815285 -0.109037235
168 1032 0.04323281 -0.114967175
192 1032 0.05281408 -0.12076019
216 1032 0.06364272 -0.12626117
240 1032 0.07578219 -0.13128115
264 1032 0.08926511 -0.13559595
288 1032 0.10408081 -0.13894856
312 1032 0.12016251 -0.14105432
336 1032 0.13737369 -0.14161088
360 1032 0.155497 -0.14031312
384 1032 0.17422694 -0.1368732
408 1032 0.19316882 -0.13104428
432 1032 0.21184543 -0.1226467
456 1032 0.2297132 -0.111593634
480 1032 0.24618858 -0.09791263
504 1032 0.26068068 -0.081760265
528 1032 0.27263048 -0.06342628
552 1032 0.28155094 -0.043326586
576 1032 0.28706348 -0.021984208
600 1032 0.28892857 -1.8626451E-9
624 1032 0.28706363 0.021984197
648 1032 0.2815509 0.043326568
672 1032 0.27263048 0.063426286
696 1032 0.26068068 0.08176027
720 1032 0.24618864 0.09791264
744 1032 0.22971322 0.11159364
768 1032 0.21184534 0.12264676
792 1032 0.19316882 0.1310443
816 1032 0.17422692 0.13687322
840 1032 0.15549695 0.14031312
864 1032 0.13737369 0.14161088
888 1032 0.12016254 0.14105433
912 1032 0.104080826 0.13894857
936 1032 0.08926504 0.13559599
960 1032 0.075782165 0.13128112
984 1032 0.06364272 0.12626119
1008 1032 0.052814096 0.12076014
1032 1032 0.04323281 0.11496716
1056 1032 0.034815267 0.10903722
1080 1032 0.027466275 0.103093825
1104 1032 0.021085829 0.09723226
1128 1032 0.0155740725 0.0915239
1152 1032 0.010834708 0.08601977
1176 1032 0.0067772213 0.0807546
0 1056 0.006941123 -0.0738423
24 1056 0.01052016 -0.078387275
48 1056 0.014664377 -0.08312301
72 1056 0.01944432 -0.08802143
96 1056 0.024934758 -0.09304218
120 1056 0.031213041 -0.09813003
144 1056 0.038356822 -0.103212096
168 1056 0.046440557 -0.10819512
192 1056 0.055531118 -0.11296266
216 1056 0.06568179 -0.11737337
240 1056 0.076925226 -0.121259995
264 1056 0.08926496 -0.124430016
288 1056 0.10266617 -0.12666848
312 1056 0.11704627 -0.12774377
336 1056 0.13226588 -0.12741649
360 1056 0.14812207 -0.12545209
384 1056 0.16434483 -0.12163623
408 1056 0.18059829 -0.11579303
432 1056 0.196488 -0.107803844
456 1056 0.21157436 -0.09762537
480 1056 0.22539338 -0.08530424
504 1056 0.23748161 -0.07098611
528 1056 0.24740492 -0.05491767
552 1056 0.2547878 -0.03744018
576 1056 0.25934023 -0.018974666
600 1056 0.26087856 2.910383E-9
624 1056 0.25934023 0.01897469
648 1056 0.25478792 0.037440185
672 1056 0.24740495 0.054917663
696 1056 0.23748156 0.07098608
720 1056 0.22539335 0.08530424
744 1056 0.21157438 0.097625375
768 1056 0.19648798 0.10780385
792 1056 0.18059833 0.11579302
816 1056 0.16434485 0.12163622
840 1056 0.14812204 0.12545209
864 1056 0.13226587 0.12741648
888 1056 0.117046274 0.12774372
912 1056 0.10266618 0.12666845
936 1056 0.08926496 0.12442998
960 1056 0.07692523 0.12126
984 1056 0.0656818 0.11737338
1008 1056 0.055531137 0.112962656
1032 1056 0.04644058 0.1081951
1056 1056 0.038356815 0.10321212
1080 1056 0.031213047 0.09813001
1104 1056 0.024934761 0.09304215
1128 1056 0.019444322 0.08802143
1152 1056 0.014664375 0.083123
1176 1056 0.010520163 0.07838729
0 1080 0.01017251 -0.07172445
24 1080 0.01381757 -0.075827576
48 1080 0.017990705 -0.08006152
72 1080 0.022750633 -0.08439409
96 1080 0.028158028 -0.08878195
120 1080 0.034273848 -0.09316861
144 1080 0.041156925 -0.09748228
168 1080 0.048860956 -0.10163435
192 1080 0.05743035 -0.10551761
216 1080 0.066895396 -0.1090054
240 1080 0.07726634 -0.11195168
264 1080 0.08852706 -0.114192724
288 1080 0.10062807 -0.115550116
312 1080 0.11347971 -0.11583633
336 1080 0.12694675 -0.114862554
360 1080 0.1408439 -0.112448834
384 1080 0.15493499 -0.10843621
408 1080 0.16893503 -0.10270038
432 1080 0.18251769 -0.095165424
456 1080 0.19532607 -0.085816555
480 1080 0.20698884 -0.07470986
504 1080 0.21713997 -0.061978232
528 1080 0.22543973 -0.047831632
552 1080 0.23159578 -0.032551553
576 1080 0.23538408 -0.01647944
600 1080 0.23666297 -9.895302E-10
624 1080 0.23538408 0.016479447
648 1080 0.23159589 0.03255155
672 1080 0.2254397 0.047831643
696 1080 0.21714 0.061978225
720 1080 0.20698889 0.07470987
744 1080 0.19532606 0.08581656
768 1080 0.18251772 0.09516545
792 1080 0.1689351 0.10270039
816 1080 0.15493496 0.108436204
840 1080 0.14084394 0.11244883
864 1080 0.12694676 0.11486258
888 1080 0.11347974 0.11583631
912 1080 0.10062805 0.11555013
936 1080 0.08852707 0.11419273
960 1080 0.077266335 0.11195169
984 1080 0.06689537 0.10900537
1008 1080 0.057430357 0.105517596
1032 1080 0.048860963 0.10163435
1056 1080 0.04115693 0.09748226
1080 1080 0.034273837 0.09316856
1104 1080 0.028158024 0.088781975
1128 1080 0.022750627 0.08439413
1152 1080 0.0179907 0.08006154
1176 1080 0.013817572 0.0758276
0 1104 0.013030924 -0.06945164
24 1104 0.016696433 -0.07313553
48 1104 0.020850884 -0.0768996
72 1104 0.025542375 -0.08070938
96 1104 0.030819274 -0.08452052
120 1104 0.036728512 -0.08827718
144 1104 0.04331342 -0.091910906
168 1104 0.050610933 -0.09533913
192 1104 0.058648057 -0.098464794
216 1104 0.067437865 -0.10117584
240 1104 0.07697495 -0.10334616
264 1104 0.0872303 -0.104837514
288 1104 0.09814636 -0.10550263
312 1104 0.10963241 -0.10519033
336 1104 0.1215609 -0.103752084
360 1104 0.13376538 -0.10105028
384 1104 0.1460406 -0.096967496
408 1104 0.1581454 -0.09141709
432 1104 0.16980897 -0.084352925
456 1104 0.18074042 -0.07577846
480 1104 0.19064102 -0.06575346
504 1104 0.19921957 -0.054397408
528 1104 0.20620787 -0.041889224
552 1104 0.21137717 -0.028462265
576 1104 0.2145522 -0.0143953785
600 1104 0.21562304 -8.731149E-10
624 1104 0.2145522 0.014395376
648 1104 0.21137713 0.028462278
672 1104 0.20620784 0.04188922
696 1104 0.19921951 0.05439741
720 1104 0.19064097 0.06575343
744 1104 0.18074036 0.07577847
768 1104 0.16980901 0.0843529
792 1104 0.15814543 0.09141712
816 1104 0.14604063 0.096967496
840 1104 0.1337654 0.10105029
864 1104 0.12156087 0.10375207
888 1104 0.10963236 0.10519033
912 1104 0.09814633 0.10550266
936 1104 0.087230265 0.10483749
960 1104 0.07697496 0.103346184
984 1104 0.067437895 0.101175815
1008 1104 0.05864803 0.09846477
1032 1104 0.050610915 0.09533911
1056 1104 0.043313414 0.091910884
1080 1104 0.036728512 0.088277206
1104 1104 0.030819263 0.08452052
1128 1104 0.025542378 0.08070937
1152 1104 0.020850886 0.076899596
1176 1104 0.016696434 0.07313554
0 1128 0.015538445 -0.06707149
24 1128 0.0191866 -0.070361845
48 1128 0.02328397 -0.07369027
72 1128 0.0278693 -0.0770214
96 1128 0.03298035 -0.08031135
120 1128 0.038652327 -0.08350644
144 1128 0.044915933 -0.08654249
168 1128 0.05179478 -0.089344054
192 1128 0.059302658 -0.09182418
216 1128 0.06744011 -0.0938849
240 1128 0.07619089 -0.09541811
264 1128 0.08551817 -0.09630782
288 1128 0.09536103 -0.096432954
312 1128 0.10563119 -0.09567204
336 1128 0.116210945 -0.09390863
360 1128 0.12695219 -0.09103771
384 1128 0.13767722 -0.08697325
408 1128 0.14818215 -0.08165584
432 1128 0.15824173 -0.075060174
456 1128 0.16761795 -0.06720097
480 1128 0.17606908 -0.05813807
504 1128 0.1833619 -0.047977965
528 1128 0.18928312 -0.03687326
552 1128 0.1936522 -0.025018439
576 1128 0.19633134 -0.01264268
600 1128 0.19723414 -1.7462298E-10
624 1128 0.19633137 0.012642681
648 1128 0.19365224 0.025018435
672 1128 0.18928315 0.036873262
696 1128 0.1833618 0.047977958
720 1128 0.17606907 0.058138087
744 1128 0.16761792 0.067200996
768 1128 0.15824178 0.07506021
792 1128 0.14818212 0.08165587
816 1128 0.13767725 0.086973235
840 1128 0.12695222 0.09103768
864 1128 0.11621098 0.09390866
888 1128 0.105631195 0.095672056
912 1128 0.09536102 0.09643293
936 1128 0.08551817 0.09630779
960 1128 0.07619086 0.095418155
984 1128 0.0674401 0.09388491
1008 1128 0.05930266 0.09182416
1032 1128 0.051794782 0.08934403
1056 1128 0.044915926 0.086542495
1080 1128 0.03865233 0.08350646
1104 1128 0.032980353 0.080311365
1128 1128 0.027869303 0.07702142
1152 1128 0.023283977 0.07369029
1176 1128 0.019186603 0.07036187
0 1152 0.01771926 -0.06462453
24 1152 0.021319311 -0.067548916
48 1152 0.02532935 -0.07047674
72 1152 0.029779965 -0.073373005
96 1152 0.03469998 -0.07619526
120 1152 0.040114913 -0.078892864
144 1152 0.04604527 -0.08140667
168 1152 0.05250433 -0.08366846
192 1152 0.059495993 -0.08560133
216 1152 0.06701183 -0.08712011
240 1152 0.075028606 -0.08813281
264 1152 0.08350526 -0.088542484
288 1152 0.09238047 -0.08825008
312 1152 0.10157068 -0.087158255
336 1152 0.11096864 -0.085175805
360 1152 0.12044349 -0.08222304
384 1152 0.12984204 -0.07823754
408 1152 0.13899148 -0.07317973
432 1152 0.14770438 -0.06703842
456 1152 0.15578479 -0.0598352
480 1152 0.16303638 -0.051627643
504 1152 0.16927083 -0.042510204
528 1152 0.17431773 -0.03261327
552 1152 0.17803314 -0.02209972
576 1152 0.18030801 -0.011159102
600 1152 0.18107416 4.3655746E-10
624 1152 0.18030807 0.011159106
648 1152 0.17803317 0.022099722
672 1152 0.17431772 0.032613266
696 1152 0.1692708 0.042510208
720 1152 0.1630363 0.051627617
744 1152 0.15578486 0.059835203
768 1152 0.14770442 0.067038395
792 1152 0.13899148 0.073179744
816 1152 0.12984203 0.07823758
840 1152 0.120443515 0.08222307
864 1152 0.110968634 0.085175805
888 1152 0.10157066 0.08715825
912 1152 0.092380464 0.08825007
936 1152 0.08350526 0.08854248
960 1152 0.07502862 0.08813283
984 1152 0.06701185 0.087120086
1008 1152 0.059495974 0.08560132
1032 1152 0.052504346 0.08366847
1056 1152 0.04604526 0.081406675
1080 1152 0.040114917 0.07889287
1104 1152 0.034699976 0.07619524
1128 1152 0.029779963 0.07337301
1152 1152 0.025329342 0.07047675
1176 1152 0.021319317 0.0675489
0 1176 0.01959861 -0.062144764
24 1176 0.023126075 -0.06473141
48 1176 0.02702553 -0.06729358
72 1176 0.031320658 -0.06979728
96 1176 0.03603279 -0.07220236
120 1176 0.04117954 -0.074461654
144 1176 0.04677331 -0.07652134
168 1176 0.05281957 -0.07832041
192 1176 0.059314806 -0.07979131
216 1176 0.066244625 -0.08086055
240 1176 0.073581345 -0.08145017
264 1176 0.08128228 -0.08147949
288 1176 0.08928777 -0.080867685
312 1176 0.097520016 -0.079536945
336 1176 0.10588238 -0.07741613
360 1176 0.114259735 -0.07444509
384 1176 0.12252016 -0.07057897
408 1176 0.13051718 -0.06579262
432 1176 0.13809425 -0.060084544
456 1176 0.14508952 -0.053480003
480 1176 0.15134244 -0.04603312
504 1176 0.15670033 -0.03782738
528 1176 0.16102585 -0.028974438
552 1176 0.16420373 -0.019611284
576 1176 0.16614683 -0.009895668
600 1176 0.16680062 1.7462298E-10
624 1176 0.1661468 0.009895663
648 1176 0.16420378 0.019611288
672 1176 0.16102584 0.028974427
696 1176 0.15670031 0.03782736
720 1176 0.1513424 0.046033125
744 1176 0.14508949 0.053480014
768 1176 0.13809423 0.060084548
792 1176 0.13051718 0.06579261
816 1176 0.12252017 0.07057898
840 1176 0.11425978 0.07444507
864 1176 0.105882354 0.0774161
888 1176 0.09752002 0.07953691
912 1176 0.08928779 0.0808677
936 1176 0.08128229 0.08147947
960 1176 0.07358134 0.08145014
984 1176 0.066244625 0.080860525
1008 1176 0.05931482 0.0797913
1032 1176 0.05281957 0.07832041
1056 1176 0.04677331 0.07652137
1080 1176 0.04117954 0.07446166
1104 1176 0.03603279 0.07220235
1128 1176 0.031320658 0.0697973
1152 1176 0.027025523 0.06729356
1176 1176 0.023126079 0.064731404
